     
building id: 70008224
     
building id: 70008224
51.8946961,-0.3832636
51.8949180,-0.3831654
51.8949454,-0.3833276
51.8950142,-0.3832971
51.8950596,-0.3835661
51.8951523,-0.3835250
51.8951890,-0.3837422
51.8950972,-0.3837829
51.8951109,-0.3838639
51.8949664,-0.3839279
51.8949447,-0.3837988
51.8947974,-0.3838640
51.8946961,-0.3832636
building_type: undefined
     
building id: 70008225
51.8944941,-0.3833982
51.8945131,-0.3835095
51.8946581,-0.3834397
51.8946381,-0.3833387
51.8944941,-0.3833982
building_type: undefined
     
building id: 70008226
51.8944692,-0.3833453
51.8944356,-0.3834219
51.8944567,-0.3835634
51.8945030,-0.3835442
51.8944692,-0.3833453
building_type: undefined
     
building id: 70008233
51.8907030,-0.3845844
51.8905854,-0.3841162
51.8908946,-0.3839124
51.8908740,-0.3838304
51.8907824,-0.3838908
51.8906182,-0.3832372
51.8905562,-0.3832781
51.8905183,-0.3831272
51.8904686,-0.3831600
51.8903776,-0.3827977
51.8906917,-0.3825906
51.8907328,-0.3827543
51.8906544,-0.3828060
51.8907044,-0.3830050
51.8909531,-0.3828410
51.8908767,-0.3825367
51.8911491,-0.3823571
51.8912922,-0.3829640
51.8913387,-0.3829592
51.8914493,-0.3833937
51.8911832,-0.3835687
51.8912360,-0.3837790
51.8913858,-0.3836802
51.8914424,-0.3839055
51.8908936,-0.3842672
51.8909349,-0.3844315
51.8907030,-0.3845844
building_type: school
     
building id: 70008234
51.8949741,-0.3830077
51.8947977,-0.3830818
51.8947677,-0.3828946
51.8947131,-0.3829176
51.8947405,-0.3830888
51.8944535,-0.3832095
51.8943920,-0.3828253
51.8945434,-0.3827616
51.8945527,-0.3828197
51.8946838,-0.3827645
51.8947022,-0.3828797
51.8947759,-0.3828488
51.8947363,-0.3826014
51.8947837,-0.3825814
51.8947942,-0.3826466
51.8948446,-0.3826254
51.8948558,-0.3826950
51.8948726,-0.3826880
51.8948931,-0.3828163
51.8949402,-0.3827965
51.8949741,-0.3830077
building_type: school
     
building id: 70008235
51.8945064,-0.3824945
51.8945821,-0.3824663
51.8946244,-0.3827261
51.8945483,-0.3827536
51.8945064,-0.3824945
building_type: undefined
     
building id: 70011111
51.8967678,-0.3954346
51.8965891,-0.3952951
51.8966266,-0.3951659
51.8964236,-0.3949625
51.8962580,-0.3949303
51.8962834,-0.3942179
51.8964236,-0.3942330
51.8964185,-0.3944446
51.8965030,-0.3944476
51.8965030,-0.3946836
51.8966898,-0.3948326
51.8967262,-0.3947290
51.8969451,-0.3949620
51.8967678,-0.3954346
building_type: undefined
     
building id: 70011121
51.8970992,-0.3971948
51.8969349,-0.3970320
51.8968190,-0.3973393
51.8966998,-0.3972212
51.8968798,-0.3967442
51.8967771,-0.3966423
51.8965415,-0.3972664
51.8968256,-0.3975480
51.8968858,-0.3973887
51.8969435,-0.3974460
51.8969941,-0.3973118
51.8970385,-0.3973558
51.8970992,-0.3971948
building_type: school
     
building id: 70011125
51.8973729,-0.3967191
51.8972916,-0.3966292
51.8974453,-0.3962640
51.8973821,-0.3961941
51.8974588,-0.3960120
51.8975651,-0.3961295
51.8976615,-0.3959004
51.8977381,-0.3959851
51.8975458,-0.3964420
51.8975074,-0.3963996
51.8973729,-0.3967191
building_type: school
     
building id: 190812272
51.8847728,-0.3783867
51.8842993,-0.3775391
51.8841370,-0.3777752
51.8846139,-0.3786335
51.8847728,-0.3783867
building_type: undefined
     
building id: 190812274
51.8843986,-0.3793899
51.8847364,-0.3788910
51.8845344,-0.3785208
51.8841867,-0.3790197
51.8843986,-0.3793899
building_type: undefined
     
building id: 190812275
51.8837629,-0.3803876
51.8842331,-0.3797171
51.8840178,-0.3793309
51.8835476,-0.3800068
51.8837629,-0.3803876
building_type: undefined
     
building id: 190812277
51.8838589,-0.3787944
51.8843125,-0.3781400
51.8841370,-0.3778181
51.8836834,-0.3784833
51.8838589,-0.3787944
building_type: undefined
     
building id: 217165615
51.8918318,-0.3818551
51.8916696,-0.3818363
51.8917010,-0.3811041
51.8918583,-0.3811175
51.8918318,-0.3818551
building_type: undefined
     
building id: 217165618
     
building id: 217165618
51.8917454,-0.3833370
51.8915299,-0.3834803
51.8914156,-0.3830290
51.8916311,-0.3828856
51.8917454,-0.3833370
building_type: undefined
     
building id: 217165619
     
building id: 217165619
51.8915909,-0.3827605
51.8913799,-0.3829050
51.8913333,-0.3827267
51.8915444,-0.3825821
51.8915909,-0.3827605
building_type: undefined
     
building id: 222356567
51.8973545,-0.3976749
51.8975306,-0.3966791
51.8976186,-0.3963907
51.8979635,-0.3957517
51.8974474,-0.3951876
51.8971857,-0.3956535
51.8965033,-0.3953860
51.8958888,-0.3971131
51.8959603,-0.3972290
51.8967289,-0.3976006
51.8970445,-0.3977046
51.8971325,-0.3975084
51.8973545,-0.3976749
building_type: school
     
building id: 222357750
51.8975892,-0.3947054
51.8976957,-0.3944988
51.8974939,-0.3942255
51.8973874,-0.3944320
51.8975892,-0.3947054
building_type: place_of_worship
     
building id: 229964343
51.8977873,-0.3896459
51.8977161,-0.3895788
51.8976973,-0.3896238
51.8976559,-0.3895849
51.8976484,-0.3896037
51.8975440,-0.3895024
51.8975541,-0.3894723
51.8975183,-0.3894367
51.8975291,-0.3894112
51.8973818,-0.3892690
51.8974678,-0.3890477
51.8978661,-0.3894374
51.8977873,-0.3896459
building_type: retail
     
building id: 233948547
51.8900276,-0.3835240
51.8899680,-0.3820970
51.8912261,-0.3817859
51.8912311,-0.3803547
51.8922127,-0.3789551
51.8938812,-0.3818304
51.8928395,-0.3832894
51.8932147,-0.3838606
51.8917389,-0.3863500
51.8915980,-0.3862768
51.8906936,-0.3846628
51.8900276,-0.3835240
building_type: school
     
building id: 272889208
51.8828459,-0.3817693
51.8830776,-0.3822360
51.8831737,-0.3823862
51.8838324,-0.3814260
51.8838391,-0.3810987
51.8830227,-0.3796748
51.8826240,-0.3802300
51.8826803,-0.3803373
51.8826154,-0.3804741
51.8826770,-0.3805462
51.8826353,-0.3806350
51.8827743,-0.3808764
51.8828161,-0.3807876
51.8829551,-0.3810344
51.8830379,-0.3809914
51.8831273,-0.3811470
51.8830048,-0.3813079
51.8829452,-0.3812114
51.8828657,-0.3813187
51.8827611,-0.3811446
51.8826505,-0.3814367
51.8828459,-0.3817693
building_type: undefined
     
building id: 368617910
51.8839364,-0.3834665
51.8840080,-0.3835071
51.8839603,-0.3837267
51.8838825,-0.3836840
51.8839364,-0.3834665
building_type: undefined
     
building id: 368617911
51.8840033,-0.3829929
51.8840767,-0.3830215
51.8840499,-0.3832022
51.8839764,-0.3831736
51.8840033,-0.3829929
building_type: undefined
     
building id: 369096268
51.8873138,-0.3821156
51.8871212,-0.3829147
51.8870443,-0.3828660
51.8872368,-0.3820669
51.8873138,-0.3821156
building_type: retail
     
building id: 369096809
51.8935371,-0.3917905
51.8949672,-0.3940006
51.8943581,-0.3950950
51.8928618,-0.3929599
51.8935371,-0.3917905
building_type: school
     
building id: 369096999
51.8959419,-0.3939738
51.8959882,-0.3941049
51.8958741,-0.3942106
51.8958278,-0.3940795
51.8959419,-0.3939738
building_type: undefined
     
building id: 391882241
     
building id: 391882241
51.8922883,-0.4024446
51.8922549,-0.4023547
51.8922773,-0.4023329
51.8922614,-0.4022901
51.8925098,-0.4020477
51.8925689,-0.4022067
51.8923251,-0.4024445
51.8923154,-0.4024182
51.8922883,-0.4024446
building_type: undefined
     
building id: 418926957
51.8838539,-0.3839857
51.8837987,-0.3841851
51.8837302,-0.3841353
51.8837855,-0.3839359
51.8838539,-0.3839857
building_type: undefined
     
building id: 418926959
51.8839148,-0.3837639
51.8838595,-0.3839633
51.8837910,-0.3839134
51.8838463,-0.3837141
51.8839148,-0.3837639
building_type: undefined
     
building id: 418926961
51.8840042,-0.3827706
51.8840698,-0.3827915
51.8840503,-0.3829525
51.8839847,-0.3829317
51.8840042,-0.3827706
building_type: undefined
     
building id: 418926963
51.8840318,-0.3825423
51.8840974,-0.3825632
51.8840779,-0.3827243
51.8840123,-0.3827034
51.8840318,-0.3825423
building_type: undefined
