     
leisure id: 51984513
51.8834012,-0.3917734
51.8833489,-0.3918875
51.8823809,-0.3934742
51.8842600,-0.3961355
51.8852791,-0.3946041
51.8841788,-0.3922232
51.8834012,-0.3917734
leisure_type: park
     
leisure id: 70008228
51.8928706,-0.3833336
51.8938812,-0.3818304
51.8922127,-0.3789551
51.8914976,-0.3802855
51.8912724,-0.3804571
51.8916370,-0.3810909
51.8918739,-0.3810967
51.8918488,-0.3818233
51.8920148,-0.3818205
51.8928395,-0.3832894
51.8923931,-0.3839921
51.8919761,-0.3832831
51.8915028,-0.3839767
51.8906936,-0.3846628
51.8915980,-0.3862768
51.8917389,-0.3863500
51.8932147,-0.3838606
51.8928706,-0.3833336
leisure_type: recreation_ground
     
leisure id: 135808669
51.8868395,-0.3781775
51.8872026,-0.3772481
51.8858942,-0.3759220
51.8856069,-0.3768496
51.8859593,-0.3773469
51.8860352,-0.3771620
51.8862957,-0.3773962
51.8862216,-0.3775965
51.8868395,-0.3781775
leisure_type: park
     
leisure id: 138087010
51.9007310,-0.3966628
51.9005522,-0.3960567
51.9009771,-0.3952459
51.9011116,-0.3949892
51.9006913,-0.3944527
51.9006615,-0.3942489
51.9003305,-0.3937822
51.9001219,-0.3935944
51.9000392,-0.3936963
51.8999664,-0.3936105
51.8997678,-0.3938948
51.8996354,-0.3937500
51.8992084,-0.3946083
51.8986477,-0.3939216
51.8984540,-0.3936844
51.8978446,-0.3947102
51.8977022,-0.3945600
51.8974474,-0.3951876
51.8979635,-0.3957517
51.8983014,-0.3961210
51.8992384,-0.3972874
51.8994368,-0.3977465
51.9004231,-0.3969525
51.9007310,-0.3966628
leisure_type: park
     
leisure id: 217165597
51.8922631,-0.3852025
51.8918533,-0.3845562
51.8912797,-0.3855110
51.8916894,-0.3861573
51.8922631,-0.3852025
leisure_type: pitch
     
leisure id: 217165598
51.8943453,-0.3853433
51.8934647,-0.3840290
51.8941889,-0.3828824
51.8942651,-0.3833424
51.8943892,-0.3832914
51.8944471,-0.3837045
51.8947227,-0.3846848
51.8943453,-0.3853433
leisure_type: recreation_ground
     
leisure id: 217165600
51.8918556,-0.3844515
51.8915487,-0.3839551
51.8909472,-0.3849316
51.8912541,-0.3854280
51.8918556,-0.3844515
leisure_type: pitch
     
leisure id: 217165601
51.8926413,-0.3845276
51.8923216,-0.3849982
51.8917092,-0.3839059
51.8920289,-0.3834353
51.8926413,-0.3845276
leisure_type: pitch
     
leisure id: 217165602
51.8916958,-0.3823947
51.8916764,-0.3821809
51.8914102,-0.3822446
51.8914297,-0.3824583
51.8916958,-0.3823947
leisure_type: pitch
     
leisure id: 217165604
51.8916728,-0.3821642
51.8914082,-0.3822322
51.8913881,-0.3820267
51.8916527,-0.3819587
51.8916728,-0.3821642
leisure_type: pitch
     
leisure id: 217165605
51.8937760,-0.3817935
51.8934275,-0.3823018
51.8929085,-0.3813673
51.8932571,-0.3808590
51.8937760,-0.3817935
leisure_type: pitch
     
leisure id: 217165608
51.8928070,-0.3833275
51.8924112,-0.3839173
51.8917753,-0.3827965
51.8921712,-0.3822068
51.8928070,-0.3833275
leisure_type: pitch
     
leisure id: 217165611
51.8927799,-0.3803130
51.8923828,-0.3796367
51.8917094,-0.3806749
51.8921065,-0.3813513
51.8927799,-0.3803130
leisure_type: pitch
     
leisure id: 217165612
51.8932202,-0.3808172
51.8929789,-0.3811850
51.8926331,-0.3805890
51.8928744,-0.3802213
51.8932202,-0.3808172
leisure_type: pitch
     
leisure id: 217165616
51.8920224,-0.3823138
51.8917519,-0.3823819
51.8917316,-0.3821710
51.8920022,-0.3821029
51.8920224,-0.3823138
leisure_type: pitch
     
leisure id: 217165620
51.8920004,-0.3820828
51.8917307,-0.3821514
51.8917102,-0.3819392
51.8919798,-0.3818706
51.8920004,-0.3820828
leisure_type: pitch
     
leisure id: 217165622
51.8934270,-0.3823842
51.8929942,-0.3830043
51.8923790,-0.3818769
51.8928119,-0.3812567
51.8934270,-0.3823842
leisure_type: pitch
     
leisure id: 217165624
51.8925858,-0.3814362
51.8923648,-0.3810545
51.8920640,-0.3815118
51.8922850,-0.3818934
51.8925858,-0.3814362
leisure_type: pitch
     
leisure id: 545742949
51.8872026,-0.3772481
51.8868395,-0.3781775
51.8862216,-0.3775965
51.8862957,-0.3773962
51.8860352,-0.3771620
51.8859593,-0.3773469
51.8856069,-0.3768496
51.8858942,-0.3759220
51.8872026,-0.3772481
leisure_type: park
