     
nature id: 12834195
51.8929791,-0.3750980
51.8936193,-0.3760662
51.8940968,-0.3767860
51.8945093,-0.3774567
51.8948427,-0.3784171
51.8955511,-0.3769446
51.8947618,-0.3759403
51.8944638,-0.3760154
51.8938083,-0.3751142
51.8934059,-0.3742682
51.8932191,-0.3742237
51.8932389,-0.3738911
51.8930999,-0.3742452
51.8929807,-0.3745563
51.8928284,-0.3748889
51.8924775,-0.3754468
51.8922722,-0.3756292
51.8919147,-0.3756077
51.8915969,-0.3755004
51.8911996,-0.3754468
51.8906368,-0.3753395
51.8905308,-0.3754682
51.8907891,-0.3755755
51.8909943,-0.3755755
51.8913188,-0.3756292
51.8917161,-0.3757365
51.8922193,-0.3758545
51.8924510,-0.3758867
51.8925768,-0.3757150
51.8927225,-0.3753502
51.8928814,-0.3752107
51.8929791,-0.3750980
nature_type: wood
     
nature id: 70008376
51.8980257,-0.4040177
51.8980059,-0.4025264
51.8979992,-0.4021938
51.8981052,-0.4017110
51.8980456,-0.4007239
51.8977675,-0.4005201
51.8975755,-0.4008741
51.8974564,-0.4006917
51.8972710,-0.4008527
51.8968539,-0.4009707
51.8968870,-0.4015822
51.8968340,-0.4015822
51.8967877,-0.4015393
51.8965427,-0.4016895
51.8964567,-0.4017110
51.8964103,-0.4015286
51.8963375,-0.4011638
51.8962514,-0.4011316
51.8962183,-0.4012389
51.8962448,-0.4015071
51.8963772,-0.4019363
51.8965361,-0.4022367
51.8965957,-0.4027409
51.8966420,-0.4033203
51.8967480,-0.4035778
51.8969267,-0.4039104
51.8972313,-0.4039211
51.8974034,-0.4039640
51.8975755,-0.4040928
51.8977741,-0.4041464
51.8979397,-0.4040606
51.8980257,-0.4040177
nature_type: wood
     
nature id: 418926948
51.8834247,-0.3849178
51.8837043,-0.3850559
51.8837713,-0.3851180
51.8838048,-0.3852010
51.8837830,-0.3853638
51.8835863,-0.3860008
51.8834793,-0.3859230
51.8835754,-0.3855655
51.8833351,-0.3853921
51.8834247,-0.3849178
nature_type: wood
     
nature id: 492656423
51.8902626,-0.3781656
51.8904935,-0.3777044
51.8902086,-0.3773123
51.8899708,-0.3777881
51.8902626,-0.3781656
nature_type: water
