     
leisure id: 4918964
51.1828298,0.2814651
51.1831028,0.2817390
51.1826638,0.2828527
51.1823908,0.2825788
51.1828298,0.2814651
leisure_type: pitch
     
leisure id: 4918975
51.1824563,0.2747195
51.1823899,0.2754131
51.1823433,0.2754577
51.1823756,0.2771314
51.1822949,0.2768825
51.1814017,0.2771314
51.1812514,0.2768725
51.1810628,0.2763490
51.1809767,0.2751830
51.1819129,0.2743505
51.1821496,0.2746509
51.1824563,0.2747195
leisure_type: park
     
leisure id: 95814039
51.1885021,0.2637017
51.1885051,0.2636863
51.1885125,0.2636541
51.1885846,0.2632647
51.1886132,0.2631407
51.1891839,0.2634210
51.1890787,0.2639859
51.1888514,0.2638666
51.1885021,0.2637017
leisure_type: pitch
     
leisure id: 95814049
51.1883022,0.2631387
51.1883104,0.2636310
51.1882450,0.2636323
51.1881860,0.2636392
51.1880026,0.2636590
51.1879810,0.2631501
51.1883022,0.2631387
leisure_type: pitch
     
leisure id: 294470051
51.1840391,0.2756031
51.1840303,0.2760397
51.1837309,0.2760243
51.1837398,0.2755877
51.1840391,0.2756031
leisure_type: pitch
     
leisure id: 380583624
51.1817782,0.2726854
51.1817859,0.2726924
51.1817896,0.2727052
51.1817867,0.2727204
51.1817801,0.2727292
51.1817402,0.2727321
51.1817332,0.2727268
51.1817285,0.2727117
51.1817318,0.2726953
51.1817402,0.2726854
51.1817782,0.2726854
leisure_type: swimming_pool
     
leisure id: 498318376
51.1879451,0.2650731
51.1879628,0.2650043
51.1879595,0.2649460
51.1879393,0.2648779
51.1879213,0.2648456
51.1878944,0.2648336
51.1878621,0.2648336
51.1878157,0.2648611
51.1877872,0.2648862
51.1877610,0.2649353
51.1878089,0.2653596
51.1879251,0.2651193
51.1879451,0.2650731
leisure_type: nature_reserve
     
leisure id: 617697159
51.1898676,0.2595896
51.1892512,0.2592895
51.1895303,0.2578303
51.1901466,0.2581304
51.1898676,0.2595896
leisure_type: pitch
