     
nature id: 4912413
51.1832041,0.2627333
51.1836507,0.2625101
51.1839304,0.2626217
51.1839842,0.2628534
51.1842586,0.2629822
51.1840972,0.2634800
51.1840273,0.2640036
51.1837475,0.2644241
51.1836238,0.2646559
51.1838928,0.2650679
51.1835269,0.2647932
51.1833548,0.2645786
51.1830965,0.2639435
51.1828383,0.2632912
51.1828975,0.2639435
51.1829459,0.2645529
51.1828114,0.2646731
51.1820151,0.2643383
51.1818004,0.2643777
51.1809356,0.2636732
51.1811489,0.2633899
51.1813372,0.2623599
51.1784855,0.2606261
51.1802719,0.2615188
51.1808960,0.2614072
51.1808153,0.2583860
51.1795509,0.2575276
51.1797822,0.2562402
51.1805355,0.2563260
51.1823648,0.2582572
51.1829674,0.2549699
51.1837583,0.2550858
51.1837959,0.2573689
51.1837421,0.2587679
51.1834193,0.2606476
51.1831396,0.2625359
51.1832041,0.2627333
nature_type: wood
     
nature id: 4913829
51.1817945,0.2861822
51.1821335,0.2865084
51.1822303,0.2867916
51.1824240,0.2868517
51.1827253,0.2871435
51.1829728,0.2873409
51.1830212,0.2875813
51.1833709,0.2875984
51.1834785,0.2885082
51.1832310,0.2887829
51.1833064,0.2889460
51.1830589,0.2890232
51.1829028,0.2893150
51.1829889,0.2897699
51.1828975,0.2899931
51.1826392,0.2894610
51.1823971,0.2889975
51.1823971,0.2886971
51.1821604,0.2883366
51.1820689,0.2880619
51.1816761,0.2875727
51.1816761,0.2872036
51.1816761,0.2869719
51.1818106,0.2867401
51.1818336,0.2864208
51.1817945,0.2861822
nature_type: water
     
nature id: 4913833
51.1811327,0.2859505
51.1810843,0.2862080
51.1809928,0.2862166
51.1810251,0.2866028
51.1808906,0.2861221
51.1809390,0.2860363
51.1809067,0.2859505
51.1810251,0.2858303
51.1811327,0.2859505
nature_type: water
     
nature id: 5069023
51.1772942,0.2682481
51.1776996,0.2689878
51.1778052,0.2700241
51.1777447,0.2715767
51.1771324,0.2719384
51.1766214,0.2696808
51.1762479,0.2688152
51.1760045,0.2677221
51.1765847,0.2678607
51.1772942,0.2682481
nature_type: wood
     
nature id: 5069030
51.1799036,0.2519139
51.1799036,0.2534588
51.1794194,0.2530297
51.1789351,0.2550038
51.1792041,0.2551756
51.1793735,0.2542927
51.1798180,0.2539971
51.1799196,0.2559702
51.1791476,0.2558963
51.1788539,0.2563467
51.1783998,0.2562827
51.1783944,0.2546392
51.1781197,0.2545269
51.1768843,0.2564017
51.1763929,0.2546870
51.1765149,0.2538509
51.1769676,0.2540585
51.1772274,0.2535179
51.1776976,0.2537163
51.1782666,0.2542386
51.1787080,0.2543754
51.1794194,0.2523430
51.1799036,0.2519139
nature_type: wood
     
nature id: 23773196
51.1734825,0.2350997
51.1740326,0.2351305
51.1739980,0.2374211
51.1733709,0.2377944
51.1731392,0.2394419
51.1735770,0.2397941
51.1729748,0.2410472
51.1734886,0.2422633
51.1730740,0.2455842
51.1737892,0.2453379
51.1741672,0.2464601
51.1736519,0.2470746
51.1730930,0.2477427
51.1731298,0.2484201
51.1736153,0.2488843
51.1746685,0.2483858
51.1750061,0.2485924
51.1752806,0.2490157
51.1757078,0.2496240
51.1755992,0.2519661
51.1763717,0.2520744
51.1763810,0.2526154
51.1765149,0.2538509
51.1763929,0.2546870
51.1761093,0.2548960
51.1756924,0.2551161
51.1754270,0.2556269
51.1752404,0.2554242
51.1755643,0.2545323
51.1753630,0.2537734
51.1755643,0.2533210
51.1752193,0.2518922
51.1746483,0.2503378
51.1740757,0.2505805
51.1742315,0.2508467
51.1745557,0.2524339
51.1734073,0.2525621
51.1730821,0.2520391
51.1724624,0.2527372
51.1721879,0.2515843
51.1717927,0.2519246
51.1714559,0.2504897
51.1713003,0.2481546
51.1714022,0.2480824
51.1717061,0.2478670
51.1721239,0.2475708
51.1719112,0.2463757
51.1717401,0.2425989
51.1726820,0.2423169
51.1725235,0.2417136
51.1710662,0.2412135
51.1709009,0.2378520
51.1717304,0.2373256
51.1724235,0.2380470
51.1730721,0.2369382
51.1733860,0.2369034
51.1734825,0.2350997
nature_type: wood
     
nature id: 23787474
51.1742952,0.2576583
51.1737243,0.2569153
51.1734075,0.2580713
51.1735608,0.2584309
51.1730757,0.2595029
51.1736592,0.2621172
51.1731099,0.2633210
51.1728574,0.2632059
51.1727911,0.2625507
51.1733263,0.2620409
51.1732181,0.2614512
51.1727312,0.2619978
51.1725598,0.2613793
51.1727582,0.2600417
51.1725238,0.2606314
51.1723795,0.2621848
51.1726230,0.2635655
51.1721185,0.2653177
51.1723254,0.2655647
51.1729927,0.2642415
51.1736224,0.2642392
51.1740171,0.2648539
51.1736419,0.2661256
51.1730424,0.2665760
51.1728205,0.2681267
51.1732271,0.2694336
51.1738854,0.2708863
51.1739838,0.2702415
51.1733263,0.2680385
51.1734732,0.2670316
51.1744971,0.2655063
51.1747781,0.2660249
51.1744715,0.2668879
51.1747511,0.2668879
51.1750577,0.2665139
51.1755514,0.2669768
51.1763020,0.2670030
51.1764580,0.2640054
51.1758692,0.2635367
51.1751419,0.2632809
51.1748489,0.2640073
51.1745256,0.2634073
51.1750904,0.2617202
51.1755807,0.2595671
51.1754003,0.2594664
51.1749044,0.2614512
51.1744715,0.2612211
51.1742641,0.2605451
51.1737862,0.2601999
51.1735780,0.2595722
51.1741853,0.2579516
51.1742952,0.2576583
nature_type: wood
     
nature id: 23787475
51.1693286,0.2599754
51.1689595,0.2581871
51.1689958,0.2572701
51.1685434,0.2561818
51.1696166,0.2557769
51.1695498,0.2569986
51.1699292,0.2576196
51.1709037,0.2579809
51.1719347,0.2575391
51.1726311,0.2579662
51.1725913,0.2584609
51.1709762,0.2588752
51.1702523,0.2593417
51.1701402,0.2597554
51.1696614,0.2600013
51.1695640,0.2606485
51.1693286,0.2599754
nature_type: wood
     
nature id: 23787477
51.1744551,0.2717286
51.1735178,0.2722204
51.1733624,0.2727992
51.1737411,0.2738779
51.1745765,0.2749230
51.1749314,0.2748415
51.1750486,0.2752155
51.1759057,0.2747969
51.1744551,0.2717286
nature_type: wood
     
nature id: 23787595
51.1699364,0.2755055
51.1689310,0.2748338
51.1673492,0.2747220
51.1661126,0.2758094
51.1649074,0.2774109
51.1657897,0.2775495
51.1665691,0.2780467
51.1680722,0.2791121
51.1683279,0.2785075
51.1686314,0.2797461
51.1688861,0.2800785
51.1682059,0.2815269
51.1688573,0.2815831
51.1694727,0.2820738
51.1700992,0.2827166
51.1703277,0.2812218
51.1706087,0.2816114
51.1709578,0.2816491
51.1712536,0.2812811
51.1712988,0.2807492
51.1701988,0.2791121
51.1702533,0.2785694
51.1710895,0.2792186
51.1720024,0.2792719
51.1721360,0.2802662
51.1727037,0.2802662
51.1727705,0.2795737
51.1733953,0.2798293
51.1733891,0.2802191
51.1732270,0.2808344
51.1747071,0.2819113
51.1763218,0.2833026
51.1770008,0.2840128
51.1771290,0.2845069
51.1776769,0.2842687
51.1762216,0.2826634
51.1761094,0.2821737
51.1754757,0.2805503
51.1752518,0.2788926
51.1732956,0.2780649
51.1716141,0.2766447
51.1699364,0.2755055
nature_type: wood
     
nature id: 94753315
51.1752958,0.2566890
51.1757476,0.2569233
51.1759397,0.2573917
51.1764480,0.2574097
51.1771370,0.2592836
51.1767612,0.2590824
51.1750676,0.2568396
51.1752958,0.2566890
nature_type: wood
     
nature id: 94781238
51.1800596,0.2711581
51.1799785,0.2718197
51.1797080,0.2716184
51.1793203,0.2715177
51.1791760,0.2712157
51.1793473,0.2710287
51.1799154,0.2711438
51.1800596,0.2711581
nature_type: wood
     
nature id: 94781241
51.1809356,0.2636732
51.1818004,0.2643777
51.1817976,0.2650107
51.1823406,0.2654099
51.1822708,0.2661535
51.1824950,0.2664545
51.1823885,0.2669895
51.1815846,0.2659534
51.1813131,0.2671849
51.1811747,0.2676180
51.1810150,0.2693506
51.1814409,0.2693590
51.1815367,0.2699535
51.1812280,0.2703612
51.1811268,0.2712614
51.1821596,0.2716436
51.1821277,0.2721957
51.1807914,0.2721362
51.1808127,0.2726333
51.1808979,0.2746246
51.1803868,0.2747180
51.1803495,0.2743104
51.1801046,0.2744972
51.1799502,0.2747605
51.1798118,0.2738093
51.1801579,0.2739707
51.1803282,0.2737923
51.1803389,0.2734441
51.1807169,0.2732488
51.1806317,0.2713549
51.1802537,0.2700045
51.1803229,0.2691722
51.1797745,0.2696563
51.1794125,0.2696648
51.1790611,0.2676775
51.1788748,0.2676435
51.1783849,0.2677879
51.1783530,0.2676775
51.1788535,0.2672868
51.1786618,0.2661148
51.1785926,0.2653759
51.1787470,0.2652740
51.1790505,0.2663950
51.1791836,0.2673717
51.1795137,0.2677199
51.1796627,0.2680172
51.1802484,0.2677794
51.1805784,0.2675586
51.1806317,0.2662082
51.1805518,0.2659619
51.1807861,0.2647389
51.1809356,0.2636732
nature_type: wood
     
nature id: 94783335
51.1732973,0.2534385
51.1732243,0.2536974
51.1729889,0.2538268
51.1727942,0.2544870
51.1716174,0.2539174
51.1715849,0.2534514
51.1720719,0.2531926
51.1724939,0.2532314
51.1729078,0.2535938
51.1731269,0.2533738
51.1732973,0.2534385
nature_type: wood
     
nature id: 94783337
51.1710034,0.2619120
51.1708209,0.2619553
51.1711548,0.2631936
51.1712014,0.2643761
51.1714188,0.2657196
51.1713528,0.2665431
51.1714149,0.2668960
51.1715818,0.2668898
51.1715042,0.2665740
51.1715080,0.2656453
51.1715430,0.2639675
51.1712984,0.2627850
51.1710034,0.2619120
nature_type: wood
     
nature id: 161815721
51.1907011,0.2941315
51.1902708,0.2958803
51.1909365,0.2965643
51.1909298,0.2967467
51.1907886,0.2965026
51.1906877,0.2964597
51.1905196,0.2964704
51.1903784,0.2964060
51.1903380,0.2960842
51.1902439,0.2960198
51.1900825,0.2961244
51.1899817,0.2960842
51.1898808,0.2960949
51.1898539,0.2959232
51.1897530,0.2957194
51.1897261,0.2955772
51.1898001,0.2954297
51.1897060,0.2952366
51.1895917,0.2952473
51.1894841,0.2950649
51.1894303,0.2949147
51.1891210,0.2947001
51.1891815,0.2941959
51.1892823,0.2936165
51.1902237,0.2938847
51.1906070,0.2940457
51.1907011,0.2941315
nature_type: wood
     
nature id: 498318378
51.1878864,0.2650431
51.1878758,0.2649995
51.1878563,0.2649772
51.1878392,0.2649768
51.1878233,0.2649977
51.1878155,0.2650320
51.1878166,0.2650752
51.1878292,0.2651050
51.1878451,0.2651189
51.1878641,0.2651099
51.1878831,0.2650850
51.1878864,0.2650431
nature_type: water
