41.9023534,12.4629474
41.9007319,12.4648844
41.8994953,12.4665373
41.8981764,12.4682661
41.9046697,12.4788676
41.9018150,12.4634563
41.8997937,12.4642535
41.9012066,12.4665117
41.9032745,12.4711984
41.8996836,12.4625957
41.9015342,12.4638186
41.8991587,12.4669763
41.8998349,12.4648264
41.8996873,12.4714374
41.8991880,12.4722828
41.8998027,12.4722458
41.8998054,12.4726964
41.8992033,12.4727503
41.9005531,12.4674070
41.9012119,12.4667399
41.8984841,12.4660746
41.8986561,12.4666911
41.9004539,12.4652611
41.9000249,12.4658852
41.9001457,12.4666328
41.8991965,12.4684547
41.8991345,12.4692451
41.8988839,12.4695763
41.8982073,12.4706480
41.8980201,12.4715960
41.8983075,12.4704156
41.8985383,12.4699653
41.8977238,12.4722018
41.8971861,12.4727063
41.8966629,12.4733201
41.8974810,12.4700830
41.8976474,12.4693750
41.8985211,12.4678088
41.8975097,12.4669717
41.8968207,12.4676135
41.8973594,12.4680257
41.8972997,12.4685882
41.8972576,12.4691615
41.8989837,12.4710507
41.9005216,12.4689874
41.9004784,12.4701976
41.9004788,12.4713251
41.8996385,12.4685087
41.9005427,12.4665719
41.8993185,12.4653091
41.8977784,12.4674291
41.8981161,12.4670828
41.8999531,12.4722498
41.9001736,12.4724260
41.9004415,12.4726864
41.8969302,12.4659786
41.9004498,12.4734106
41.9002227,12.4738140
41.8991474,12.4738664
41.8964807,12.4744851
41.8963102,12.4758502
41.8991231,12.4733947
41.8965258,12.4740314
41.9049233,12.4750898
41.8973246,12.4880638
41.8966625,12.4870163
41.9020832,12.4865275
41.8966845,12.4822236
41.8989704,12.4812471
41.9024716,12.4797993
41.9053403,12.4785973
41.9059069,12.4783652
41.8977903,12.4731808
41.8962536,12.4725344
41.8960034,12.4718170
41.8966128,12.4819263
41.8962217,12.4826655
41.9060668,12.4831012
41.8991472,12.4793833
41.8990055,12.4771959
41.9011702,12.4765800
41.9049537,12.4897094
41.9042769,12.4888624
41.9041693,12.4887383
41.9057811,12.4886170
41.9081361,12.4892955
41.9091809,12.4885087
41.9092909,12.4885274
41.9093918,12.4885847
41.9116435,12.4859995
41.9120789,12.4767555
41.8996171,12.4828423
41.9004805,12.4824498
41.9007136,12.4831017
41.9026259,12.4825947
41.9062479,12.4799168
41.9065435,12.4812079
41.9034322,12.4881602
41.9051335,12.4770032
41.9064863,12.4771668
41.9065412,12.4780884
41.9025126,12.4663956
41.9025629,12.4668025
41.9053914,12.4684306
41.9064011,12.4612829
41.9068931,12.4675447
41.9061350,12.4645959
41.9062519,12.4679175
41.9058333,12.4621523
41.9072608,12.4732515
41.9050428,12.4733296
41.9065484,12.4705510
41.9087029,12.4709752
41.9058518,12.4721388
41.9059074,12.4713107
41.9057889,12.4707319
41.9051237,12.4720382
41.9066239,12.4713984
41.9076901,12.4722852
41.9092707,12.4641883
41.9071728,12.4707133
41.9067057,12.4722455
41.9014559,12.4606599
41.8964477,12.4665536
41.8977856,12.4610815
41.8976452,12.4614952
41.8994818,12.4603191
41.9023010,12.4606074
41.8996055,12.4623087
41.9021865,12.4619320
41.9015902,12.4619578
41.9023326,12.4620199
41.8993611,12.4607456
41.8991186,12.4603012
41.9116155,12.4705283
41.9080062,12.4625439
41.9101657,12.4712668
41.9092382,12.4642130
41.9094304,12.4648087
41.9061800,12.4658758
41.9067286,12.4656343
41.9079462,12.4651049
41.9085687,12.4648278
41.9091369,12.4645672
41.9100511,12.4641803
41.9096031,12.4643635
41.9108259,12.4638323
41.9083268,12.4666805
41.9089355,12.4663169
41.9097153,12.4658581
41.9103723,12.4654798
41.9111434,12.4651175
41.9065800,12.4689864
41.9085962,12.4677763
41.9092051,12.4674116
41.9099914,12.4669618
41.9106457,12.4665856
41.9113929,12.4661295
41.9088866,12.4689170
41.9094853,12.4685491
41.9102720,12.4680837
41.9109200,12.4677006
41.9116588,12.4672507
41.9075572,12.4671573
41.9078643,12.4682131
41.9057178,12.4694836
41.9036431,12.4720354
41.9052307,12.4710835
41.9069423,12.4700554
41.9081963,12.4693245
41.9099493,12.4704331
41.9093004,12.4706256
41.9090858,12.4707478
41.9098957,12.4730476
41.9099409,12.4602472
41.9091555,12.4605587
41.9084675,12.4608317
41.9076630,12.4611506
41.9102829,12.4616344
41.9094969,12.4619388
41.9088108,12.4622124
41.9105551,12.4627364
41.9097781,12.4630763
41.9090948,12.4633544
41.9082888,12.4636915
41.9057339,12.4634220
41.9076518,12.4639480
41.9065419,12.4631218
41.9056367,12.4647959
41.9066354,12.4643799
41.9071430,12.4641608
41.9073121,12.4653844
41.9054239,12.4678607
41.9062153,12.4668764
41.9067962,12.4665762
41.9074337,12.4662635
41.9081325,12.4658978
41.9048992,12.4754432
41.9101157,12.4770071
41.9099814,12.4733736
41.9119588,12.4609088
41.9123672,12.4701861
41.9120093,12.4687147
41.9112578,12.4690740
41.9105950,12.4693752
41.9060642,12.4817526
41.9046112,12.4790596
41.9031297,12.4609421
41.9032347,12.4619937
41.9033082,12.4630910
41.9032279,12.4643134
41.9023842,12.4643822
41.9020781,12.4643901
41.9038110,12.4640001
41.9048427,12.4633006
41.9041458,12.4631981
41.9070205,12.4613527
41.9058979,12.4612425
41.9048993,12.4611170
41.9072507,12.4622869
41.9064730,12.4622221
41.9045626,12.4620701
41.9052826,12.4611689
41.9050937,12.4620893
41.9040753,12.4631855
41.9036173,12.4631140
41.9049080,12.4604792
41.9042529,12.4604031
41.9037858,12.4603489
41.9047542,12.4611651
41.9042073,12.4610979
41.9037437,12.4610411
41.9031393,12.4609967
41.9041449,12.4620475
41.9036849,12.4620042
41.8966062,12.4644247
41.8982611,12.4632580
41.8994868,12.4625369
41.8994960,12.4622866
41.8995653,12.4606835
41.8995699,12.4626711
41.9065906,12.4757281
41.9055030,12.4770598
41.9050798,12.4786993
41.9036906,12.4779244
41.9047136,12.4781961
41.9049852,12.4782622
41.9068423,12.4750505
41.9070345,12.4751252
41.9008892,12.4630411
41.8964596,12.4746949
41.8959362,12.4693991
41.8967955,12.4687317
41.8964382,12.4703386
41.8971458,12.4697372
41.9038708,12.4889789
41.9095746,12.4886494
41.9093364,12.4883158
41.9096580,12.4886650
41.9098056,12.4882653
41.9095763,12.4882263
41.9095198,12.4877976
41.9090119,12.4867702
41.9068247,12.4878751
41.9063426,12.4858758
41.9073554,12.4862533
41.9087887,12.4888092
41.9084242,12.4871169
41.8967597,12.4825288
41.8968587,12.4833516
41.8969164,12.4836916
41.8970858,12.4614042
41.8967835,12.4613729
41.8966101,12.4616036
41.8959945,12.4612502
41.8967412,12.4616188
41.9026428,12.4681234
41.9024334,12.4653239
41.9028116,12.4682650
41.9032405,12.4682152
41.9043185,12.4687977
41.9050282,12.4667955
41.9055584,12.4661179
41.9050258,12.4657101
41.9024925,12.4629648
41.9024699,12.4608989
41.9024767,12.4614871
41.9031907,12.4615191
41.9024816,12.4619500
41.9021413,12.4606179
41.9022218,12.4629587
41.9015339,12.4615089
41.9021698,12.4614486
41.9008894,12.4630402
41.9016472,12.4638321
41.9002176,12.4627743
41.8996802,12.4610548
41.8997922,12.4619681
41.8997569,12.4622323
41.9121295,12.4871449
41.9113486,12.4875577
41.9110684,12.4888963
41.9046471,12.4753858
41.9044185,12.4781289
41.9047956,12.4769430
41.9045120,12.4768955
41.9044937,12.4771737
41.9047787,12.4772016
41.9038360,12.4770043
41.9045030,12.4770231
41.9042348,12.4780796
41.9045590,12.4789222
41.9035187,12.4879710
41.9037829,12.4883274
41.9040182,12.4886197
41.9037220,12.4890608
41.9039977,12.4854480
41.9057267,12.4836934
41.9053149,12.4865611
41.9039034,12.4872790
41.9046956,12.4882480
41.9042902,12.4877353
41.9019686,12.4907386
41.9096152,12.4798406
41.9063635,12.4831958
41.9060264,12.4833519
41.9059164,12.4835364
41.9083786,12.4821597
41.8990152,12.4880848
41.8995664,12.4873392
41.9010886,12.4794233
41.9005686,12.4796581
41.8987825,12.4867774
41.9000337,12.4838663
41.8965195,12.4867885
41.8964296,12.4866321
41.8962861,12.4869613
41.8962543,12.4862552
41.8972325,12.4850271
41.8960056,12.4740393
41.8960248,12.4727890
41.8964746,12.4844758
41.8965209,12.4853912
41.9100628,12.4879479
41.8994578,12.4651872
41.8996870,12.4655973
41.8998184,12.4666383
41.8998787,12.4654909
41.8994206,12.4652166
41.8990533,12.4644713
41.9000758,12.4679144
41.8980804,12.4651449
41.8989284,12.4672807
41.9005439,12.4670592
41.9003050,12.4672868
41.8997255,12.4676036
41.9003641,12.4675974
41.8995426,12.4697314
41.8998716,12.4700874
41.9112688,12.4815608
41.9120252,12.4706566
41.9046819,12.4859016
41.8995808,12.4768790
41.9001902,12.4766021
41.9004886,12.4765555
41.8991449,12.4794526
41.8977671,12.4773474
41.9091341,12.4868119
41.9099508,12.4890444
41.9110030,12.4772496
41.9058514,12.4828868
41.9061511,12.4830597
41.9082622,12.4820947
41.9055125,12.4666952
41.9045942,12.4646582
41.9092767,12.4717087
41.9096176,12.4715324
41.9093915,12.4710763
41.9030526,12.4698233
41.9040083,12.4692237
41.9040835,12.4759783
41.9034719,12.4760479
41.9036279,12.4764432
41.9010943,12.4779733
41.9011267,12.4768677
41.9021794,12.4775688
41.9021449,12.4810226
41.9029999,12.4813537
41.9034653,12.4826590
41.9037285,12.4792720
41.9039000,12.4799884
41.9027494,12.4805706
41.9033789,12.4802046
41.9043878,12.4820433
41.9027474,12.4893182
41.9022577,12.4863094
41.9051201,12.4858912
41.9071083,12.4805476
41.9072920,12.4810246
41.9094403,12.4739138
41.9097917,12.4762130
41.9075953,12.4747708
41.9098863,12.4735127
41.9100722,12.4733073
41.9108571,12.4729428
41.9112833,12.4727616
41.9050204,12.4735928
41.9093509,12.4708770
41.9086068,12.4710595
41.9120726,12.4719998
41.8963790,12.4664614
41.9098708,12.4729554
41.9112055,12.4812929
41.9108670,12.4799847
41.9087132,12.4855696
41.9111635,12.4779201
41.9110333,12.4779765
41.9103505,12.4768823
41.9112190,12.4765936
41.9111241,12.4761777
41.9110212,12.4805360
41.9101241,12.4809328
41.9096897,12.4802851
41.9096501,12.4801388
41.9106335,12.4796474
41.9101927,12.4794429
41.9111629,12.4811088
41.9110846,12.4807875
41.9102596,12.4811439
41.9109751,12.4784747
41.9114668,12.4752015
41.9101585,12.4741379
41.9115337,12.4750567
41.9113118,12.4741881
41.9110140,12.4731455
41.8977505,12.4777756
41.8981423,12.4808958
41.8977128,12.4797629
41.8963929,12.4741089
41.8963932,12.4745480
41.8975045,12.4786625
41.8977689,12.4802818
41.9000401,12.4775498
41.8998224,12.4775523
41.9000819,12.4779643
41.8993048,12.4771447
41.8993557,12.4772869
41.8997738,12.4775230
41.9001389,12.4785519
41.8998800,12.4789754
41.9001114,12.4796943
41.8999643,12.4797891
41.9000790,12.4808159
41.8990662,12.4787003
41.8995622,12.4784400
41.8992885,12.4805917
41.8993849,12.4810908
41.9004964,12.4695042
41.9009948,12.4692659
41.9013793,12.4684239
41.9007058,12.4672745
41.9011963,12.4662074
41.9001010,12.4748126
41.9005325,12.4748742
41.9031500,12.4751761
41.9014795,12.4762273
41.9022554,12.4758652
41.9025954,12.4756064
41.9029284,12.4751466
41.9018687,12.4749981
41.9016671,12.4749669
41.9024653,12.4768259
41.9025000,12.4771934
41.9025071,12.4777506
41.9032207,12.4766996
41.9036479,12.4764972
41.8970429,12.4661943
41.8973591,12.4659055
41.8968965,12.4663046
41.8971977,12.4672480
41.8981396,12.4663979
41.8977704,12.4667301
41.8974447,12.4660836
41.9018085,12.4739162
41.9025959,12.4735607
41.9049358,12.4749416
41.9031278,12.4711069
41.9022277,12.4716192
41.9024516,12.4664001
41.9007858,12.4648109
41.9014958,12.4638704
41.8997261,12.4627813
41.9118871,12.4706896
41.9120853,12.4704479
41.8990443,12.4843372
41.8989570,12.4837036
41.8987142,12.4837698
41.8988142,12.4844317
41.8986025,12.4831570
41.8993656,12.4822283
41.8997899,12.4809316
41.9001849,12.4825781
41.9006529,12.4836520
41.9009725,12.4829648
41.9010112,12.4841591
41.9013461,12.4848295
41.9021149,12.4858651
41.9023977,12.4861483
41.9019849,12.4843430
41.9016229,12.4834994
41.9019302,12.4836818
41.8969185,12.4763775
41.8977056,12.4764150
41.8977984,12.4756050
41.8967906,12.4757601
41.8972339,12.4727347
41.9015923,12.4640698
41.9040286,12.4856760
41.9038497,12.4844145
41.9054390,12.4812914
41.9040426,12.4822823
41.9043181,12.4831479
41.9064013,12.4806331
41.9036889,12.4833923
41.9041416,12.4791064
41.9039229,12.4800768
41.9048395,12.4796997
41.9041747,12.4811107
41.9046697,12.4808003
41.9051397,12.4805064
41.9068866,12.4796014
41.9057042,12.4802106
41.9058826,12.4809971
41.9070210,12.4802105
41.9055228,12.4794106
41.9067303,12.4789254
41.9065184,12.4797833
41.9063689,12.4790644
41.9060884,12.4791723
41.9072559,12.4777898
41.9091091,12.4770154
41.9091851,12.4761223
41.9088512,12.4784934
41.9085823,12.4772355
41.9086113,12.4745133
41.9085963,12.4760466
41.9084557,12.4789596
41.9081061,12.4774345
41.9080577,12.4794286
41.9075931,12.4776489
41.9074318,12.4777163
41.9069732,12.4779079
41.9069368,12.4757826
41.9073494,12.4758467
41.9074046,12.4771286
41.9069606,12.4772581
41.9123859,12.4746954
41.9111203,12.4735483
41.9118097,12.4739644
41.9121412,12.4738454
41.9050757,12.4727676
41.9058054,12.4728680
41.9067750,12.4729952
41.9037208,12.4721928
41.9051779,12.4712709
41.9074270,12.4714982
41.9075874,12.4696771
41.9072275,12.4686037
41.9079852,12.4708933
41.9028865,12.4832209
41.9118341,12.4749206
41.9126103,12.4754916
41.9118978,12.4609251
41.9117680,12.4609862
41.9122910,12.4631682
41.9077528,12.4615150
41.9071259,12.4617856
41.9075634,12.4607461
41.9064673,12.4891082
41.9070794,12.4888174
41.9078990,12.4884049
41.9086159,12.4880907
41.9060918,12.4882047
41.9055894,12.4873857
41.9076680,12.4874906
41.8972262,12.4741687
41.8972111,12.4736593
41.8978642,12.4740080
41.9018189,12.4732068
41.9018339,12.4728411
41.9018726,12.4722845
41.9021006,12.4720913
41.9019450,12.4717328
41.9022392,12.4719922
41.9020128,12.4713307
41.9017660,12.4714713
41.9018675,12.4717790
41.9017430,12.4714344
41.9023644,12.4728534
41.9019721,12.4750087
41.9028994,12.4744315
41.9028054,12.4741483
41.8994888,12.4706933
41.8995249,12.4706105
41.8993766,12.4703950
41.8996733,12.4698939
41.8979622,12.4693335
41.8977004,12.4691839
41.9117084,12.4805180
41.9116469,12.4802712
41.9115968,12.4800524
41.9116889,12.4799335
41.9117663,12.4796216
41.9116945,12.4794086
41.9112697,12.4796276
41.9109388,12.4795706
41.9107578,12.4795038
41.9105616,12.4789118
41.9117679,12.4792687
41.9118625,12.4792954
41.9068445,12.4826008
41.9059993,12.4833776
41.9049331,12.4816547
41.9043869,12.4798830
41.9057477,12.4821294
41.9052422,12.4825944
41.9046113,12.4830060
41.9003892,12.4861190
41.8996781,12.4869207
41.9012906,12.4803018
41.9037182,12.4882437
41.9028252,12.4855945
41.9020514,12.4824754
41.8992966,12.4617239
41.8984650,12.4624312
41.8986181,12.4629411
41.8981947,12.4614544
41.9009514,12.4685668
41.9045238,12.4689464
41.9023825,12.4792276
41.9023965,12.4786941
41.9033890,12.4777935
41.9021794,12.4792778
41.9021764,12.4781541
41.9035870,12.4764847
41.9000030,12.4767030
41.8999806,12.4754852
41.8998832,12.4748171
41.8980677,12.4757635
41.8976732,12.4773304
41.8976103,12.4766699
41.8982514,12.4764519
41.8984207,12.4759530
41.8989958,12.4760284
41.8982581,12.4750858
41.8972677,12.4756387
41.8973795,12.4764051
41.8964773,12.4758549
41.8966927,12.4763655
41.8969257,12.4756908
41.8969344,12.4746308
41.8978756,12.4743587
41.8969832,12.4750881
41.8979100,12.4750842
41.8984571,12.4746063
41.8984226,12.4739487
41.8989151,12.4738909
41.8968565,12.4763757
41.8968761,12.4773618
41.8970033,12.4780025
41.8970078,12.4786735
41.8972022,12.4779712
41.8972737,12.4773487
41.8977214,12.4780818
41.8965864,12.4787431
41.8970641,12.4795448
41.8976524,12.4793982
41.8967832,12.4801007
41.8968549,12.4798313
41.8969718,12.4801158
41.8971921,12.4804964
41.8970478,12.4805485
41.8962615,12.4802400
41.8980677,12.4796171
41.9000773,12.4738390
41.8993858,12.4738558
41.8992356,12.4799836
41.8991920,12.4795957
41.8994188,12.4794746
41.9004638,12.4770287
41.9011057,12.4770631
41.9019985,12.4774419
41.9020922,12.4759509
41.9023663,12.4762771
41.9034643,12.4760291
41.9032690,12.4755418
41.9036668,12.4771220
41.9033212,12.4771753
41.9029677,12.4776941
41.9032778,12.4777578
41.9004159,12.4788288
41.9005473,12.4796544
41.9016884,12.4812776
41.9000478,12.4819459
41.9007504,12.4805258
41.9005312,12.4806177
41.9007620,12.4816318
41.9001120,12.4808036
41.9003265,12.4818159
41.9009945,12.4829259
41.9018479,12.4800695
41.9020112,12.4806236
41.9015329,12.4826759
41.9024746,12.4842035
41.9039075,12.4818422
41.9032930,12.4821672
41.9024213,12.4781021
41.9028424,12.4790948
41.9030451,12.4795498
41.9012588,12.4846647
41.8999192,12.4850309
41.8982215,12.4815460
41.9005983,12.4836657
41.9006785,12.4849366
41.9001744,12.4838142
41.9003238,12.4850097
41.9002613,12.4842108
41.9005478,12.4840983
41.9012588,12.4848975
41.9016468,12.4902558
41.9032642,12.4884074
41.9027823,12.4862731
41.9024278,12.4873022
41.9029509,12.4870386
41.9031814,12.4869400
41.9031265,12.4867313
41.9043664,12.4864638
41.9080303,12.4794608
41.9082924,12.4798767
41.9086496,12.4787310
41.9089407,12.4791801
41.9093532,12.4741478
41.9097177,12.4736403
41.9096883,12.4752884
41.9103672,12.4750024
41.9113029,12.4745712
41.9095589,12.4745278
41.9097073,12.4886644
41.9095751,12.4877678
41.9009092,12.4651394
41.9005518,12.4651284
41.9087207,12.4711391
41.9084168,12.4721965
41.9089081,12.4717814
41.9078294,12.4726596
41.9067974,12.4733425
41.9057581,12.4734986
41.9058127,12.4736113
41.9048568,12.4733567
41.9041239,12.4726537
41.9109597,12.4708332
41.9115115,12.4706622
41.9104491,12.4711543
41.9054505,12.4728208
41.9054051,12.4734849
41.9051854,12.4736694
41.9047200,12.4735049
41.9013824,12.4635821
41.9013518,12.4637524
41.9094731,12.4878981
41.9093045,12.4879864
41.9097710,12.4879874
41.9097293,12.4878432
41.9110673,12.4738717
41.9103585,12.4751153
41.9104029,12.4754355
41.9101719,12.4762178
41.9108816,12.4755098
41.9105268,12.4753787
41.8988476,12.4794574
41.8991274,12.4792244
41.8996021,12.4796311
41.8997341,12.4787158
41.9005361,12.4744462
41.9008051,12.4740630
41.9005246,12.4740644
41.9010749,12.4733328
41.9008630,12.4716223
41.9008294,12.4708774
41.9009125,12.4706285
41.9010606,12.4701178
41.9014985,12.4700503
41.8990262,12.4771849
41.9005268,12.4760949
41.9067933,12.4845057
41.9002442,12.4734154
41.9000924,12.4731749
41.8999118,12.4718865
41.9004784,12.4717380
41.9002964,12.4725407
41.9002124,12.4721101
41.9004533,12.4721283
41.8984380,12.4827425
41.8989344,12.4830822
41.8970585,12.4833523
41.8965889,12.4818105
41.8967655,12.4821687
41.8961292,12.4820861
41.9028274,12.4732931
41.9040470,12.4640385
41.9035431,12.4642362
41.9033985,12.4642455
41.9033595,12.4642482
41.8996834,12.4597315
41.8996390,12.4628800
41.8999065,12.4626811
41.8997794,12.4624525
41.8995473,12.4609013
41.8993821,12.4601910
41.8994235,12.4604471
41.8992482,12.4604712
41.8994840,12.4610309
41.9109922,12.4725467
41.9112276,12.4738339
41.9098850,12.4713979
41.9095172,12.4715532
41.9095362,12.4711370
41.9093766,12.4716548
41.9095827,12.4717855
41.9116499,12.4759488
41.9025086,12.4643734
41.9022678,12.4643851
41.9053229,12.4665458
41.8978768,12.4695129
41.8973419,12.4819046
41.8976561,12.4830814
41.8995477,12.4674684
41.9001166,12.4797984
41.8999306,12.4798044
41.8999635,12.4798251
41.9115210,12.4659548
41.9087350,12.4678929
41.9084333,12.4679722
41.9005895,12.4647008
41.8998710,12.4652187
41.8964516,12.4807814
41.8963353,12.4802145
41.8963724,12.4835408
41.8964561,12.4847846
41.8967714,12.4852986
41.9001801,12.4764064
41.8999769,12.4764286
41.8999896,12.4767096
41.9000043,12.4767219
41.9031875,12.4794926
41.9009894,12.4652902
41.8965017,12.4713486
41.8964174,12.4720575
41.9027644,12.4807907
41.9018315,12.4815671
41.8961892,12.4773481
41.8975463,12.4868717
41.9062774,12.4822158
41.9092253,12.4674935
41.9100094,12.4670336
41.9106611,12.4666482
41.8966866,12.4857910
41.8968945,12.4865237
41.8970826,12.4869658
41.8970436,12.4863936
41.9117779,12.4751180
41.9015617,12.4732338
41.9015141,12.4724030
41.8969808,12.4722768
41.9103761,12.4620117
41.9109459,12.4637779
41.9103942,12.4615860
41.9114878,12.4660760
41.9104035,12.4627964
41.9106776,12.4638993
41.9109892,12.4651045
41.9112676,12.4662029
41.9115301,12.4673288
41.9118722,12.4687853
41.9122718,12.4702768
41.9121342,12.4686651
41.9119490,12.4678699
41.8986992,12.4807466
41.8994921,12.4696244
41.9004862,12.4698335
41.8992668,12.4711934
41.9004407,12.4724897
41.9013059,12.4684593
41.9013930,12.4692265
41.9015432,12.4704939
41.9009037,12.4701573
41.9009431,12.4705951
41.9010951,12.4705679
41.9017551,12.4703928
41.9008697,12.4716975
41.9012781,12.4676264
41.9007494,12.4677132
41.9005413,12.4677149
41.8996215,12.4652031
41.9069316,12.4610000
41.9094670,12.4718975
41.8975339,12.4731462
41.8973608,12.4736523
41.8978312,12.4735305
41.9010527,12.4855732
41.9020722,12.4865413
41.9064475,12.4829182
41.9023843,12.4816662
41.9017754,12.4813346
41.9017971,12.4814345
41.9059562,12.4771137
41.9059186,12.4776875
41.8989198,12.4740588
41.9001522,12.4748827
41.8999619,12.4761381
41.8999552,12.4757583
41.8997366,12.4757257
41.8993995,12.4751213
41.8993925,12.4748388
41.8993981,12.4750292
41.8990073,12.4751626
41.8998866,12.4749536
41.9019718,12.4792721
41.9115109,12.4760155
41.9115875,12.4759825
41.9022311,12.4812703
41.8999958,12.4802101
41.8994605,12.4798575
41.8996677,12.4800282
41.8997167,12.4798297
41.8984775,12.4814433
41.8987522,12.4813313
41.9021869,12.4718541
41.9022108,12.4715147
41.9030908,12.4710035
41.8983783,12.4631800
41.8987928,12.4628071
41.9113533,12.4611696
41.8999211,12.4835979
41.9017102,12.4743442
41.9012468,12.4740163
41.9010953,12.4739981
41.9004453,12.4732819
41.9008512,12.4731093
41.9008807,12.4726059
41.9060793,12.4827049
41.9061166,12.4831093
41.9061137,12.4828852
41.9060691,12.4830627
41.9059866,12.4829370
41.9061321,12.4830282
41.9060982,12.4830431
41.9060330,12.4829103
41.9061469,12.4830240
41.9085251,12.4679999
41.9104067,12.4753527
41.9104879,12.4753003
41.9077405,12.4798024
41.9053468,12.4709892
41.9093578,12.4778964
41.9094887,12.4738661
41.8993199,12.4704742
41.8973627,12.4706352
41.8971048,12.4717501
41.8972497,12.4711253
41.8981800,12.4707312
41.9005245,12.4752011
41.8973248,12.4717833
41.8979086,12.4718870
41.8992006,12.4714707
41.8973995,12.4679140
41.8971072,12.4698944
41.8983955,12.4720818
41.8982720,12.4674380
41.8986029,12.4723237
41.8978026,12.4688932
41.8976301,12.4675868
41.8968922,12.4675385
41.8979540,12.4685825
41.8986533,12.4716368
41.8983642,12.4716465
41.8998861,12.4708305
41.9013176,12.4732840
41.8968872,12.4728305
41.8969618,12.4725349
41.9036973,12.4752598
41.9018077,12.4735461
41.9022117,12.4726713
41.9032712,12.4747423
41.9004772,12.4708447
41.9001259,12.4713303
41.9000255,12.4708419
41.9000036,12.4712182
41.8996031,12.4711188
41.9040349,12.4749736
41.9030475,12.4748722
41.8977198,12.4797198
41.8967751,12.4742255
41.8975306,12.4826351
41.8973560,12.4819007
41.9008147,12.4816079
41.8965095,12.4742210
41.8967369,12.4745686
41.8968189,12.4830196
41.9009714,12.4826091
41.9015603,12.4792274
41.9017396,12.4801143
41.9113075,12.4817016
41.9115477,12.4823734
41.9124853,12.4821094
41.9008962,12.4723839
41.9119021,12.4748939
41.9023599,12.4792898
41.9023727,12.4792547
41.9088738,12.4832274
41.9103038,12.4868242
41.9101123,12.4812641
41.9117224,12.4850582
41.9095524,12.4805936
41.9089053,12.4825602
41.9087195,12.4823366
41.9089551,12.4830037
41.9088721,12.4831216
41.9092427,12.4815593
41.9110475,12.4853373
41.9090945,12.4827869
41.9087827,12.4817193
41.9099206,12.4810333
41.9094217,12.4817836
41.9093636,12.4862192
41.9098039,12.4822389
41.9086585,12.4829405
41.9089702,12.4819455
41.9093040,12.4809473
41.9113219,12.4817539
41.9098596,12.4816422
41.9096691,12.4814116
41.9087661,12.4827695
41.9084653,12.4821730
41.9090675,12.4828292
41.9095509,12.4826232
41.9085236,12.4831342
41.9085180,12.4820965
41.9093553,12.4823967
41.9092862,12.4830162
41.9088783,12.4826027
41.9100527,12.4818654
41.9094956,12.4811758
41.9091432,12.4832310
41.9086634,12.4824133
41.9118485,12.4845822
41.9087991,12.4831218
41.9087067,12.4833595
41.9087993,12.4832295
41.9091663,12.4821676
41.9089026,12.4835922
41.9096131,12.4820110
41.9090225,12.4834121
41.9092592,12.4830587
41.9090542,12.4813385
41.9097333,12.4808080
41.9103015,12.4814918
41.9095590,12.4884291
41.9092842,12.4883926
41.9094051,12.4882445
41.9027534,12.4754348
41.9022695,12.4760305
41.8977276,12.4613226
41.8963789,12.4637245
41.9120326,12.4608960
41.9118313,12.4609508
41.9000617,12.4775175
41.9016444,12.4763410
41.9009110,12.4758776
41.9020770,12.4715357
41.9005435,12.4733918
41.9100431,12.4736228
41.9111780,12.4737020
41.9101310,12.4734308
41.9099716,12.4878614
41.8997269,12.4604600
41.8966013,12.4853611
41.9118645,12.4759510
41.9011943,12.4676550
41.9085562,12.4722094
41.9050265,12.4734974
41.9120593,12.4756934
41.9102483,12.4744847
41.9103356,12.4741869
41.9002704,12.4655454
41.9101861,12.4742593
41.9002173,12.4654987
41.9055378,12.4735243
41.9058751,12.4737304
41.9102443,12.4743587
41.9094108,12.4717431
41.8983272,12.4680604
41.8982920,12.4674740
41.8970821,12.4744854
41.9048185,12.4752310
41.9027361,12.4754134
41.9118252,12.4705879
41.9039968,12.4889183
41.9024331,12.4860995
41.9025805,12.4855602
41.9016661,12.4857279
41.9024394,12.4873712
41.9018661,12.4855157
41.9022932,12.4860435
41.9052144,12.4603067
41.9047693,12.4614851
41.8987675,12.4651398
41.8989820,12.4656155
41.8992902,12.4649579
41.8993472,12.4659288
41.8994366,12.4664309
41.9100094,12.4824147
41.9085122,12.4854115
41.9089343,12.4858512
41.9097206,12.4834247
41.9097807,12.4831831
41.9098981,12.4877084
41.9094396,12.4837753
41.9120799,12.4843778
41.9100232,12.4822123
41.9089761,12.4838958
41.9106359,12.4828472
41.9091210,12.4864580
41.9089432,12.4846828
41.9096600,12.4872958
41.9097033,12.4834032
41.9105568,12.4843292
41.9098357,12.4836879
41.9102800,12.4840339
41.9093946,12.4831486
41.9096277,12.4836516
41.9100295,12.4838189
41.9019707,12.4643838
41.8976001,12.4693473
41.8998789,12.4654095
41.8988923,12.4672321
41.8969732,12.4724890
41.8969058,12.4724775
41.8998585,12.4659527
41.8968638,12.4726627
41.8976034,12.4695237
41.8968085,12.4728499
41.9000362,12.4657081
41.8967360,12.4730425
41.8992743,12.4668141
41.8991957,12.4670232
41.8998814,12.4655688
41.8969735,12.4721281
41.8967575,12.4731625
41.9000940,12.4656914
41.8969459,12.4722608
41.9001610,12.4655935
41.8998742,12.4653224
41.8995935,12.4664084
41.9001312,12.4656417
41.9088715,12.4876411
41.9099689,12.4762476
41.9016482,12.4807716
41.9017597,12.4811658
41.9014805,12.4804008
41.8987841,12.4651748
41.8990728,12.4660021
41.8973148,12.4706104
41.8974315,12.4700604
41.8974045,12.4706544
41.8975204,12.4701021
41.8971523,12.4717571
41.8972854,12.4711444
41.9028573,12.4855464
41.9026805,12.4855748
41.9027041,12.4857541
41.9026111,12.4857936
41.9027819,12.4852494
41.9027390,12.4853082
41.9025132,12.4841259
41.9031763,12.4867209
41.9018395,12.4814183
41.9021108,12.4825132
41.9014091,12.4720520
41.8994609,12.4820191
41.8992190,12.4819387
41.8995167,12.4821643
41.8993174,12.4814928
41.8993196,12.4821326
41.8993154,12.4811164
41.8996240,12.4821287
41.8993767,12.4818125
41.8991004,12.4816140
41.8998320,12.4811269
41.8982777,12.4814639
41.8983231,12.4815891
41.8989920,12.4813081
41.9023499,12.4736866
41.9024211,12.4740401
41.9024335,12.4747478
41.9026746,12.4737721
41.9044558,12.4753603
41.9048540,12.4756807
41.9048666,12.4758934
41.9004414,12.4731681
41.9006737,12.4708920
41.9007828,12.4686178
41.9006842,12.4706415
41.9009544,12.4686355
41.8992484,12.4683134
41.8989791,12.4682058
41.8989446,12.4685150
41.8992215,12.4683285
41.8991938,12.4686014
41.8985594,12.4678450
41.8991931,12.4685303
41.8982113,12.4683093
41.8997822,12.4858169
41.9001450,12.4857299
41.8998310,12.4856907
41.9000421,12.4857230
41.9017897,12.4865856
41.8973844,12.4849661
41.9114128,12.4750256
41.9115142,12.4749768
41.9038129,12.4792363
41.9034789,12.4778540
41.9118724,12.4758453
41.9117273,12.4759143
41.9028293,12.4684042
41.9028811,12.4643463
41.9029540,12.4682368
41.9030788,12.4688980
41.9031161,12.4688927
41.9032133,12.4683706
41.9028570,12.4698230
41.8993751,12.4608142
41.8991005,12.4602351
41.8997184,12.4605947
41.9003682,12.4615500
41.9002794,12.4616167
41.9014043,12.4607083
41.9011137,12.4607752
41.9006564,12.4610042
41.9117929,12.4609733
41.9115472,12.4660437
41.9112977,12.4663079
41.9114206,12.4662395
41.9115073,12.4661906
41.9078883,12.4682935
41.9066003,12.4690473
41.9072483,12.4686685
41.9057394,12.4695541
41.9086397,12.4679383
41.9110706,12.4728482
41.9045964,12.4733309
41.8963014,12.4725741
41.8963965,12.4740342
41.8967117,12.4707777
41.8965874,12.4735705
41.8962979,12.4725232
41.8962291,12.4724499
41.9095791,12.4887957
41.9094037,12.4879515
41.9094009,12.4888086
41.9024682,12.4665138
41.9024197,12.4664993
41.9024187,12.4660401
41.9024610,12.4662995
41.9024441,12.4667730
41.9024152,12.4663243
41.9033616,12.4643535
41.9033830,12.4631389
41.9033987,12.4643506
41.9034100,12.4631413
41.9085033,12.4674127
41.9062263,12.4704756
41.9088020,12.4676514
41.9049585,12.4727552
41.9084717,12.4677303
41.9086925,12.4679132
41.9086683,12.4680370
41.9043373,12.4647507
41.9045634,12.4648158
41.9084113,12.4678864
41.9044617,12.4715307
41.9085824,12.4679691
41.9073702,12.4627936
41.9090979,12.4687851
41.8981754,12.4773243
41.8982622,12.4757208
41.8991618,12.4794469
41.8992000,12.4794420
41.8965583,12.4724267
41.8968883,12.4725499
41.8993521,12.4738478
41.8993468,12.4737652
41.8991408,12.4737878
41.8989426,12.4738869
41.8966206,12.4724516
41.8965967,12.4729051
41.8966091,12.4721411
41.9035348,12.4889680
41.9036551,12.4888823
41.8960934,12.4717827
41.8960486,12.4718536
41.9048494,12.4828533
41.9049135,12.4830948
41.9097500,12.4767476
41.9058118,12.4770992
41.9053350,12.4772020
41.9055499,12.4770658
41.8962008,12.4772661
41.8963997,12.4773936
41.9121731,12.4769772
41.8963930,12.4742282
41.8968643,12.4746138
41.8968708,12.4745620
41.8972375,12.4728780
41.8968483,12.4725641
41.8969169,12.4729310
41.8970035,12.4726041
41.8972292,12.4730450
41.8981536,12.4697213
41.8986172,12.4698803
41.8976727,12.4722598
41.8977652,12.4728615
41.8978295,12.4735017
41.8979351,12.4723750
41.8989320,12.4727755
41.9001802,12.4733105
41.9002682,12.4725106
41.9004407,12.4737199
41.8969114,12.4704277
41.8964356,12.4679602
41.8965411,12.4683462
41.8970444,12.4674970
41.8966254,12.4664857
41.8967167,12.4662048
41.8974220,12.4678476
41.8977010,12.4654180
41.8979441,12.4659990
41.8985183,12.4660446
41.8991881,12.4647946
41.8994414,12.4651439
41.8995183,12.4650769
41.8995743,12.4650269
41.8996318,12.4649756
41.8997185,12.4643294
41.8997192,12.4648994
41.8997794,12.4648595
41.8978063,12.4702217
41.8984544,12.4723279
41.8990615,12.4693680
41.8994030,12.4677950
41.8995946,12.4667009
41.8995560,12.4674433
41.8997842,12.4681963
41.9007435,12.4671575
41.9007766,12.4676430
41.9010561,12.4662029
41.9010731,12.4665209
41.9010895,12.4668879
41.9011231,12.4660752
41.9011879,12.4660692
41.9012207,12.4669660
41.9012519,12.4660636
41.9012624,12.4661989
41.9012690,12.4663932
41.9012728,12.4665032
41.8967001,12.4688203
41.8986764,12.4666811
41.8997567,12.4661086
41.9003958,12.4656541
41.9004528,12.4663494
41.9004777,12.4665819
41.9008505,12.4652172
41.9005416,12.4650139
41.9005643,12.4645573
41.9005801,12.4652393
41.9005985,12.4645378
41.9006096,12.4652003
41.9006162,12.4648624
41.9006174,12.4648776
41.9006658,12.4647960
41.9006760,12.4649601
41.9007098,12.4647379
41.9007203,12.4646979
41.9007479,12.4646588
41.9008203,12.4650076
41.9008251,12.4651578
41.9007843,12.4647107
41.9008464,12.4651882
41.9008479,12.4649205
41.9008577,12.4649073
41.9008607,12.4652037
41.9008659,12.4649494
41.9008714,12.4651895
41.9009002,12.4647628
41.9009298,12.4648054
41.9011366,12.4660740
41.9012716,12.4664687
41.8982943,12.4680201
41.8997611,12.4662495
41.8962464,12.4728961
41.8962667,12.4724900
41.8963305,12.4726068
41.9004759,12.4650872
41.9004989,12.4650569
41.9005053,12.4647168
41.9005132,12.4647060
41.9005366,12.4650072
41.9005431,12.4647654
41.9005797,12.4648127
41.9012670,12.4634353
41.9022425,12.4838619
41.9023473,12.4836714
41.9023527,12.4840945
41.9044491,12.4786366
41.9046426,12.4791476
41.9046917,12.4785313
41.8981193,12.4756326
41.8982589,12.4756162
41.8983698,12.4755898
41.8989928,12.4645169
41.8992194,12.4798235
41.8992445,12.4801357
41.9004074,12.4612606
41.9003698,12.4612977
41.8997362,12.4809526
41.9047102,12.4833757
41.9104493,12.4872944
41.8968044,12.4758266
41.8968461,12.4760279
41.8969468,12.4773600
41.8975936,12.4768235
41.8975953,12.4767558
41.8976318,12.4765918
41.8976597,12.4765195
41.8977240,12.4763760
41.8977448,12.4740308
41.8977606,12.4743676
41.8982464,12.4755344
41.8983515,12.4752616
41.8984568,12.4759243
41.8984731,12.4752513
41.8986397,12.4746411
41.8988155,12.4742772
41.8988396,12.4742255
41.8988832,12.4760678
41.8990170,12.4765206
41.8995490,12.4764998
41.9001529,12.4748123
41.9005121,12.4759261
41.9005228,12.4739722
41.9005262,12.4758886
41.9005379,12.4748410
41.9005575,12.4759229
41.9007892,12.4762429
41.9008156,12.4759194
41.9008889,12.4748801
41.9008895,12.4758774
41.9008905,12.4758600
41.9009348,12.4753002
41.9010743,12.4753381
41.9016251,12.4754234
41.9005257,12.4741013
41.9007909,12.4686622
41.9009206,12.4686506
41.9009532,12.4692155
41.9015389,12.4639136
41.9015697,12.4639187
41.9026069,12.4653293
41.9028839,12.4674854
41.9034831,12.4654179
41.9035334,12.4653132
41.9035873,12.4648941
41.9036065,12.4655596
41.9037122,12.4673413
41.9038456,12.4673736
41.9038526,12.4677748
41.9038676,12.4650065
41.9040672,12.4676239
41.9041149,12.4662910
41.9043856,12.4662787
41.9045845,12.4661070
41.9045877,12.4664081
41.9020920,12.4808823
41.8996414,12.4684622
41.8997706,12.4685030
41.8998866,12.4680801
41.9005233,12.4681724
41.9005290,12.4674291
41.9005474,12.4673485
41.9005483,12.4676530
41.9005535,12.4675043
41.9007145,12.4675028
41.9007243,12.4676676
41.9007370,12.4676932
41.9007633,12.4676603
41.9007676,12.4706372
41.9008055,12.4686145
41.9008235,12.4685817
41.9009012,12.4701297
41.9009229,12.4686904
41.9009339,12.4701497
41.9009525,12.4686158
41.9009591,12.4686885
41.9009687,12.4705905
41.9010119,12.4692713
41.9010448,12.4701218
41.9010790,12.4705708
41.9011509,12.4669801
41.9011773,12.4669744
41.9011904,12.4675898
41.9011909,12.4676064
41.9012106,12.4678256
41.9012380,12.4678208
41.9013235,12.4685109
41.8993510,12.4704365
41.8995087,12.4706518
41.8998290,12.4722450
41.8999660,12.4712156
41.9000381,12.4712493
41.9000391,12.4712371
41.9000746,12.4708086
41.9002291,12.4721261
41.9004763,12.4708984
41.9004778,12.4716153
41.9004807,12.4706593
41.9004956,12.4716146
41.9005010,12.4731065
41.9005211,12.4689979
41.9005394,12.4716146
41.9006850,12.4708906
41.9008386,12.4716366
41.9008586,12.4714946
41.9008785,12.4714959
41.9008800,12.4718140
41.9009439,12.4716882
41.9009809,12.4715024
41.9010487,12.4715272
41.9011062,12.4716560
41.9014382,12.4715198
41.9020024,12.4712952
41.9021969,12.4715224
41.9024475,12.4740126
41.9025138,12.4739436
41.9025466,12.4746785
41.9027282,12.4751188
41.9028144,12.4751308
41.9029788,12.4751533
41.9030698,12.4743220
41.9031042,12.4742954
41.9032031,12.4742294
41.9032249,12.4747728
41.9033541,12.4740650
41.9114169,12.4773406
41.8978249,12.4806551
41.8969976,12.4779692
41.8970492,12.4782337
41.8970714,12.4786655
41.8971285,12.4782070
41.8972498,12.4805289
41.8972873,12.4782174
41.8973619,12.4792888
41.8976231,12.4797841
41.8977062,12.4802192
41.8979328,12.4801164
41.8980940,12.4808780
41.8981890,12.4773848
41.8983128,12.4795623
41.8984009,12.4795450
41.8989269,12.4806870
41.8989604,12.4806771
41.8994083,12.4795687
41.8968751,12.4798036
41.8969003,12.4798298
41.8972837,12.4786534
41.8975667,12.4785105
41.8977128,12.4796728
41.8993723,12.4810134
41.8994590,12.4779851
41.8998367,12.4779038
41.9000424,12.4774950
41.8998850,12.4748881
41.9000297,12.4772406
41.9000427,12.4775179
41.9000974,12.4748826
41.9008304,12.4759152
41.9008403,12.4762276
41.9009261,12.4762020
41.9012074,12.4764512
41.9012162,12.4803307
41.9013904,12.4762801
41.9015079,12.4761105
41.9016304,12.4761594
41.9000000,12.4819693
41.9008423,12.4814920
41.9009040,12.4835664
41.9009529,12.4829664
41.9009866,12.4805690
41.9009884,12.4829659
41.9010445,12.4808278
41.9014956,12.4812165
41.9015801,12.4801809
41.9017957,12.4812947
41.9021813,12.4812986
41.9012760,12.4665674
41.9013273,12.4664990
41.9064762,12.4830620
41.9066150,12.4831038
41.9011139,12.4779469
41.8988015,12.4763814
41.9120066,12.4724909
41.9120957,12.4724824
41.8961868,12.4707918
41.8965460,12.4710855
41.8963219,12.4714306
41.9098037,12.4603016
41.9102011,12.4612813
41.9004382,12.4824689
41.9074764,12.4898135
41.9097847,12.4885223
41.9017243,12.4845415
41.9021021,12.4846122
41.9097284,12.4774596
41.9028682,12.4705393
41.9017086,12.4837946
41.9046779,12.4688588
41.9058100,12.4697814
41.9115065,12.4665920
41.9058207,12.4694220
41.9065634,12.4702949
41.8993374,12.4886086
41.9021168,12.4716536
41.9059582,12.4702089
41.9040936,12.4628283
41.9042674,12.4628663
41.9043804,12.4884949
41.9081235,12.4892484
41.9087741,12.4887487
41.9092246,12.4884155
41.9023030,12.4606965
41.9023492,12.4627639
41.9054702,12.4672517
41.9000031,12.4656816
41.9000273,12.4656246
41.9000489,12.4655628
41.9000749,12.4655041
41.9024619,12.4778349
41.9057213,12.4784430
41.8974215,12.4850402
41.8974465,12.4851601
41.8974186,12.4849543
41.8977619,12.4849160
41.8977904,12.4850420
41.8977944,12.4849027
41.8978088,12.4851233
41.8980587,12.4848064
41.8980813,12.4849412
41.8980958,12.4850270
41.8981644,12.4865385
41.8981664,12.4859877
41.8981666,12.4861250
41.8981668,12.4862351
41.8981670,12.4864938
41.8981671,12.4858622
41.8981680,12.4856897
41.8981696,12.4854654
41.8981715,12.4851839
41.8982311,12.4862797
41.8982317,12.4862354
41.8982334,12.4861217
41.8982335,12.4861109
41.8982353,12.4859901
41.8982370,12.4858674
41.8982371,12.4858622
41.8982372,12.4858565
41.8982396,12.4856916
41.8982496,12.4862802
41.8982654,12.4856938
41.8982997,12.4861824
41.8983075,12.4857951
41.8983447,12.4859942
41.8983498,12.4860280
41.8983513,12.4859654
41.8983574,12.4860430
41.8983659,12.4860530
41.8983684,12.4859416
41.8983828,12.4863492
41.8983851,12.4862838
41.8983859,12.4862612
41.8983914,12.4860644
41.8983919,12.4859327
41.8984032,12.4857109
41.8984042,12.4856959
41.8984162,12.4860566
41.8984216,12.4859444
41.8984257,12.4853629
41.8984339,12.4860363
41.8984370,12.4846682
41.8984381,12.4859705
41.8984427,12.4860009
41.8984496,12.4848108
41.8984726,12.4861921
41.8984903,12.4858102
41.8985122,12.4862873
41.8985382,12.4861439
41.8985390,12.4861265
41.8985445,12.4860097
41.8985487,12.4856962
41.8985500,12.4858915
41.8985509,12.4858755
41.8985594,12.4856962
41.8970370,12.4863452
41.8970621,12.4863617
41.8970703,12.4863964
41.8976679,12.4861532
41.8977324,12.4848608
41.8977644,12.4862402
41.8977656,12.4848486
41.8977838,12.4863360
41.8979264,12.4863649
41.8979460,12.4864776
41.8979865,12.4867669
41.8980289,12.4847513
41.8980657,12.4847374
41.8977247,12.4773397
41.9025722,12.4673834
41.9028123,12.4674654
41.9033843,12.4630372
41.9034092,12.4630381
41.8984362,12.4759129
41.8986099,12.4759706
41.9007991,12.4836150
41.9007241,12.4831291
41.9020746,12.4759586
41.9020962,12.4760807
41.9022392,12.4758289
41.9022869,12.4758412
41.9022977,12.4760225
41.9021571,12.4775531
41.9105386,12.4732549
41.9107824,12.4739970
41.9110026,12.4747096
41.8991320,12.4766308
41.8991492,12.4769196
41.8991629,12.4770350
41.8994390,12.4766016
41.8994582,12.4768712
41.8995232,12.4765047
41.9012017,12.4802545
41.9069289,12.4629670
41.9086841,12.4862054
41.9094554,12.4879117
41.9042236,12.4612872
41.9093481,12.4643583
41.9094020,12.4645841
41.9094564,12.4644323
41.9094578,12.4645060
41.9080411,12.4759513
41.9080675,12.4749267
41.9057523,12.4886746
41.9117618,12.4608398
41.9118253,12.4610950
41.9120981,12.4757661
41.8989995,12.4758455
41.8990022,12.4757528
41.8990109,12.4763800
41.8986429,12.4759781
41.8987934,12.4760126
41.8989191,12.4760229
41.8989798,12.4758413
41.9098117,12.4730750
41.9098918,12.4734073
41.9121698,12.4726124
41.9045400,12.4753405
41.9093442,12.4739746
41.9094658,12.4740457
41.9104287,12.4750820
41.9046708,12.4882085
41.9119866,12.4607125
41.9117342,12.4755553
41.9118249,12.4762366
41.9110075,12.4786394
41.8965530,12.4664160
41.9007325,12.4804501
41.9016676,12.4812083
41.9016091,12.4813081
41.8965757,12.4817604
41.8966099,12.4817511
41.9021388,12.4605452
41.9021443,12.4607049
41.9021898,12.4620277
41.9022144,12.4627688
41.9022259,12.4630849
41.9022628,12.4642298
41.9022686,12.4627655
41.9022744,12.4629534
41.9022776,12.4630815
41.9023562,12.4630762
41.9023808,12.4642251
41.9024518,12.4627685
41.9024550,12.4629577
41.9024568,12.4630697
41.9024649,12.4606875
41.9024823,12.4620139
41.9024905,12.4627812
41.9024936,12.4630669
41.9025059,12.4642202
41.9032294,12.4609904
41.9032570,12.4609928
41.9033182,12.4619986
41.9033425,12.4620000
41.9061496,12.4704766
41.9015036,12.4638597
41.9023681,12.4636338
41.9024996,12.4636299
41.9100194,12.4766330
41.9101936,12.4761060
41.9025144,12.4653285
41.9028435,12.4835193
41.9052184,12.4759862
41.9101756,12.4880643
41.9107639,12.4878959
41.9112297,12.4881076
41.9012790,12.4608215
41.9014933,12.4611263
41.9049988,12.4831139
41.9056748,12.4822129
41.9059104,12.4829087
41.9060112,12.4828634
41.9060831,12.4830914
41.9060971,12.4831199
41.9061074,12.4830762
41.9061198,12.4828146
41.9061359,12.4830645
41.9061397,12.4831013
41.9110451,12.4791942
41.9112625,12.4792572
41.9113909,12.4791949
41.9113858,12.4791575
41.9115642,12.4784215
41.9051489,12.4604746
41.8967424,12.4687810
41.9011759,12.4828417
41.9037067,12.4616472
41.9039340,12.4616724
41.8962851,12.4614148
41.8965339,12.4612616
41.8965470,12.4613310
41.8965508,12.4614004
41.8969622,12.4613894
41.9023511,12.4776641
41.9035904,12.4778911
41.9036055,12.4783394
41.9036474,12.4846452
41.9046179,12.4797895
41.9004332,12.4823092
41.9008883,12.4820885
41.8987872,12.4879503
41.8998552,12.4650312
41.9057978,12.4837436
41.9065125,12.4812423
41.9058075,12.4838379
41.9115940,12.4756716
41.9118638,12.4749077
41.9121011,12.4758732
41.9092033,12.4879893
41.9089378,12.4851006
41.9082914,12.4857774
41.9090424,12.4845258
41.9090978,12.4845452
41.9091884,12.4845638
41.9096430,12.4837674
41.9119352,12.4608057
41.9059759,12.4706314
41.9060421,12.4704596
41.9052744,12.4711421
41.9053899,12.4683440
41.9054444,12.4683925
41.9059590,12.4707147
41.9095504,12.4716640
41.9091305,12.4719286
41.8964571,12.4662548
41.8987305,12.4629438
41.8996611,12.4640594
41.9004365,12.4645292
41.9004775,12.4644603
41.9004991,12.4644275
41.9009490,12.4649220
41.9010395,12.4652384
41.9010609,12.4652091
41.9013111,12.4664381
41.9013147,12.4665000
41.9013184,12.4665591
41.9013346,12.4661810
41.9013712,12.4668133
41.9016198,12.4640138
41.9017859,12.4642445
41.9021393,12.4711139
41.9021440,12.4713548
41.9022760,12.4717801
41.9023250,12.4652892
41.9024443,12.4720018
41.9024664,12.4663995
41.9031500,12.4711889
41.9032219,12.4711392
41.9032590,12.4716228
41.9033555,12.4710604
41.9044262,12.4748570
41.9048100,12.4748204
41.9050218,12.4735747
41.9053910,12.4751696
41.9100590,12.4808447
41.9106700,12.4799210
41.9115079,12.4782579
41.9118594,12.4781588
41.9118886,12.4782702
41.9124356,12.4805651
41.9046115,12.4754786
41.9064802,12.4773619
41.9064954,12.4769494
41.9066668,12.4769732
41.9067613,12.4769862
41.9069566,12.4770102
41.9069630,12.4774054
41.8995191,12.4841262
41.8999891,12.4843965
41.8998863,12.4658448
41.9000464,12.4659365
41.9032876,12.4638781
41.8963100,12.4877247
41.8963122,12.4875692
41.8968288,12.4877010
41.8963307,12.4878646
41.8966863,12.4874807
41.8965733,12.4875119
41.8966233,12.4873832
41.8964585,12.4879585
41.8964580,12.4875498
41.8970275,12.4880081
41.8967649,12.4877479
41.8966891,12.4878820
41.8965396,12.4876552
41.8963664,12.4875929
41.8967814,12.4876277
41.8962079,12.4875722
41.8963417,12.4872122
41.8963696,12.4878673
41.8968896,12.4877950
41.8963837,12.4874330
41.8964307,12.4877281
41.8965573,12.4872812
41.8965964,12.4874791
41.8967976,12.4880356
41.8966410,12.4877606
41.8967185,12.4878347
41.8962265,12.4873295
41.8964717,12.4873787
41.8963941,12.4874120
41.8962550,12.4877464
41.8966441,12.4878525
41.9115704,12.4797223
41.9114842,12.4797599
41.9108222,12.4787227
41.9092384,12.4882440
41.9116879,12.4787529
41.9115736,12.4791240
41.9114756,12.4795726
41.9114057,12.4799091
41.9109823,12.4794753
41.9114434,12.4796127
41.9112648,12.4797636
41.9120005,12.4791676
41.9121133,12.4792190
41.9106936,12.4788029
41.9116167,12.4783892
41.9052116,12.4760858
41.9052153,12.4755041
41.9052161,12.4756298
41.9052181,12.4759321
41.9054288,12.4755788
41.9065462,12.4753162
41.9009581,12.4804365
41.8982803,12.4874663
41.8983216,12.4873166
41.8984421,12.4876745
41.8984479,12.4869291
41.8984492,12.4867660
41.8984449,12.4873089
41.8994518,12.4884905
41.8995246,12.4881110
41.8997071,12.4885779
41.8997580,12.4892379
41.8997868,12.4884888
41.8998820,12.4880815
41.8999178,12.4882368
41.8999945,12.4879270
41.9004022,12.4884869
41.9008120,12.4837096
41.9011290,12.4841364
41.9010144,12.4794031
41.9023639,12.4816048
41.9029793,12.4812994
41.9056346,12.4758213
41.9056659,12.4755866
41.9058527,12.4756166
41.9052064,12.4761300
41.9055599,12.4769937
41.9055833,12.4763958
41.9058054,12.4759197
41.9060137,12.4770074
41.9062844,12.4771466
41.9063769,12.4756958
41.9065006,12.4768825
41.9065786,12.4758818
41.9074555,12.4757956
41.9061658,12.4734873
41.9062034,12.4729202
41.9061096,12.4831456
41.9061245,12.4831378
41.9061274,12.4827253
41.9061428,12.4831314
41.9065764,12.4811744
41.9066956,12.4819989
41.8985202,12.4826266
41.8986398,12.4835724
41.8986442,12.4836219
41.9002836,12.4842019
41.8997391,12.4840151
41.8997697,12.4842384
41.9013501,12.4848822
41.9005989,12.4849455
41.9006943,12.4847267
41.9007478,12.4849209
41.9007480,12.4849480
41.9027750,12.4858083
41.9028276,12.4853480
41.9028444,12.4853394
41.9029229,12.4856845
41.9029530,12.4856593
41.9024474,12.4840897
41.9105361,12.4764089
41.9107704,12.4759716
41.9108425,12.4762958
41.9111110,12.4779428
41.9112008,12.4783817
41.9112344,12.4785487
41.9119018,12.4758291
41.9119640,12.4757926
41.9119863,12.4759035
41.9120343,12.4757541
41.9120615,12.4758723
41.9120689,12.4757347
41.9120974,12.4758575
41.9126483,12.4756291
41.9024812,12.4808596
41.9025354,12.4810797
41.9026566,12.4814595
41.9028289,12.4808909
41.9030391,12.4864007
41.9028990,12.4858726
41.9029399,12.4858507
41.9030093,12.4853730
41.9026408,12.4858348
41.9024234,12.4781697
41.9005165,12.4690928
41.9008100,12.4691194
41.8991935,12.4665883
41.9017746,12.4835918
41.9017845,12.4824333
41.9017980,12.4825613
41.9018859,12.4817839
41.9020250,12.4823744
41.9072705,12.4778631
41.9074290,12.4776506
41.9081203,12.4774954
41.9076132,12.4777258
41.9003569,12.4731697
41.9005079,12.4732794
41.9008409,12.4732734
41.8970633,12.4728388
41.9058509,12.4888365
41.9059583,12.4889795
41.9007045,12.4732733
41.9007146,12.4733807
41.9039292,12.4649354
41.9039840,12.4675526
41.8984033,12.4845995
41.8984402,12.4845844
41.9033801,12.4649797
41.9033995,12.4649697
41.9121206,12.4757052
41.9101703,12.4799044
41.8977742,12.4731840
41.8969808,12.4749916
41.8970685,12.4745479
41.9005006,12.4694173
41.9004690,12.4719385
41.9006442,12.4719448
41.9006465,12.4716114
41.9006512,12.4708927
41.9031970,12.4761683
41.9010295,12.4795017
41.9017724,12.4741805
41.9117915,12.4678049
41.9119213,12.4677497
41.9121964,12.4618789
41.9122370,12.4617383
41.9112434,12.4661098
41.9113705,12.4660394
41.9114732,12.4659809
41.9040800,12.4890789
41.9042654,12.4889343
41.9088877,12.4646845
41.9089175,12.4648038
41.9089420,12.4649019
41.9094802,12.4653118
41.9095695,12.4652751
41.8995584,12.4665955
41.8997667,12.4663090
41.8984783,12.4677681
41.9081442,12.4668025
41.9083086,12.4666070
41.9085208,12.4664896
41.9085378,12.4665546
41.9085693,12.4676711
41.9086757,12.4676112
41.9086767,12.4690400
41.9088213,12.4677391
41.9089056,12.4689962
41.8970400,12.4880066
41.9103053,12.4765059
41.9018178,12.4717808
41.9018340,12.4718291
41.9020481,12.4719847
41.9022060,12.4715185
41.9022366,12.4716141
41.9022412,12.4716110
41.9029576,12.4699533
41.9030974,12.4653866
41.9031091,12.4654264
41.9036462,12.4663122
41.8995956,12.4623834
41.9020927,12.4715817
41.8973568,12.4728721
41.8975782,12.4729161
41.8977705,12.4729293
41.9088533,12.4825698
41.8996798,12.4623846
41.8996202,12.4623834
41.8997715,12.4623751
41.8998336,12.4641317
41.9009324,12.4629778
41.8997832,12.4641348
41.8998223,12.4628803
41.8994922,12.4623762
41.8997146,12.4642541
41.8999282,12.4623521
41.8998004,12.4643596
41.9107125,12.4796812
41.9107244,12.4798283
41.9107596,12.4796211
41.9107914,12.4796098
41.9108394,12.4798656
41.9108768,12.4796569
41.9122365,12.4870122
41.9113075,12.4877477
41.9119032,12.4880899
41.9031132,12.4630564
41.9050205,12.4784254
41.9057997,12.4776673
41.9059210,12.4776536
41.9059251,12.4775886
41.9059358,12.4774210
41.9059475,12.4772368
41.9093883,12.4834938
41.8965954,12.4821424
41.8977525,12.4801982
41.8978811,12.4801399
41.8997492,12.4623774
41.9030229,12.4855037
41.9023524,12.4860961
41.9118475,12.4758571
41.9114354,12.4794026
41.9088044,12.4888676
41.9093884,12.4648166
41.9115052,12.4749414
41.9114027,12.4749842
41.8993114,12.4866934
41.8977327,12.4723441
41.8979343,12.4723426
41.8980132,12.4716162
41.8978722,12.4718672
41.8984478,12.4723004
41.8985224,12.4748680
41.8985221,12.4749884
41.8985321,12.4752477
41.9018736,12.4815558
41.9036308,12.4765101
41.9111523,12.4624820
41.9117080,12.4625740
41.9111593,12.4635160
41.9115575,12.4617954
41.9111479,12.4619677
41.9110807,12.4612889
41.9113196,12.4618955
41.9112352,12.4619310
41.9111656,12.4616449
41.9114292,12.4618494
41.9111991,12.4636631
41.9111287,12.4614830
41.9111151,12.4633328
41.9115853,12.4624714
41.9110400,12.4620131
41.9117212,12.4624928
41.9119033,12.4641992
41.9120815,12.4640255
41.9110803,12.4729953
41.9070108,12.4609682
41.9072078,12.4617502
41.8978059,12.4796944
41.9020393,12.4722772
41.9005263,12.4759246
41.8964714,12.4719271
41.8964969,12.4717354
41.9083877,12.4871625
41.9093728,12.4882614
41.9079086,12.4727438
41.9097206,12.4717980
41.9103131,12.4728569
41.9099136,12.4880169
41.9100171,12.4889266
41.9100802,12.4888872
41.9110409,12.4889825
41.9096899,12.4672386
41.9098020,12.4671570
41.8980384,12.4693497
41.8993372,12.4710782
41.9089648,12.4808939
41.9092178,12.4806389
41.9094189,12.4801433
41.9122987,12.4799933
41.9123572,12.4802377
41.9011162,12.4840950
41.9010752,12.4842899
41.8999844,12.4657983
41.9100122,12.4728325
41.8988939,12.4627119
41.9046520,12.4689876
41.9047133,12.4689704
41.9048705,12.4688771
41.9051068,12.4687391
41.9052935,12.4709186
41.9053198,12.4708890
41.9055057,12.4707607
41.9055204,12.4688751
41.9055583,12.4693103
41.9057358,12.4706208
41.9059561,12.4702026
41.8969978,12.4666153
41.9090006,12.4707924
41.9090192,12.4708526
41.9095924,12.4865071
41.9100373,12.4892259
41.9100632,12.4874465
41.9100649,12.4868397
41.9106702,12.4889547
41.9108840,12.4893652
41.9112980,12.4891356
41.9113395,12.4858468
41.9123099,12.4887657
41.9124116,12.4888306
41.9118254,12.4841871
41.9119487,12.4840889
41.9117998,12.4770437
41.9051259,12.4879220
41.8994055,12.4882479
41.8996524,12.4886420
41.8999053,12.4880496
41.9001077,12.4886509
41.9058147,12.4872050
41.9061158,12.4875349
41.9067043,12.4878390
41.9074743,12.4867240
41.9071420,12.4851887
41.9066942,12.4858911
41.9078006,12.4880155
41.9085176,12.4876910
41.9091598,12.4879815
41.9093581,12.4882833
41.9019268,12.4781516
41.9057433,12.4686312
41.9057814,12.4687382
41.9057968,12.4687795
41.9058149,12.4688254
41.9058203,12.4681714
41.9058414,12.4682551
41.9058440,12.4689226
41.9058753,12.4683461
41.9059877,12.4686716
41.9109908,12.4879990
41.9110106,12.4875579
41.9092994,12.4740036
41.9091384,12.4735512
41.8994919,12.4798071
41.8994905,12.4799164
41.8969408,12.4633314
41.8969556,12.4633678
41.8970067,12.4633309
41.8975149,12.4629550
41.8977862,12.4627537
41.8980429,12.4633387
41.8989218,12.4607098
41.8990064,12.4602009
41.9051186,12.4879923
41.9044901,12.4651255
41.9116010,12.4759755
41.9015926,12.4812431
41.9092764,12.4739277
41.9120397,12.4757776
41.9024333,12.4630711
41.9024159,12.4609021
41.9022498,12.4627657
41.9022768,12.4630508
41.9022305,12.4607000
41.9022892,12.4627640
41.9024307,12.4627632
41.9024564,12.4630470
41.9023037,12.4630797
41.9022691,12.4627901
41.9034082,12.4710310
41.9030659,12.4710180
41.9031021,12.4711215
41.8999645,12.4764300
41.9009334,12.4830067
41.9015516,12.4635798
41.9015567,12.4639357
41.9015870,12.4638971
41.8961567,12.4734196
41.9086935,12.4823721
41.9084960,12.4821285
41.9084945,12.4830944
41.9086274,12.4829009
41.9087391,12.4827365
41.9101605,12.4843569
41.9071023,12.4749539
41.9076924,12.4746947
41.9073906,12.4747402
41.9073975,12.4747821
41.9078695,12.4743643
41.9094861,12.4732644
41.9096428,12.4729977
41.8977344,12.4610135
41.8972770,12.4604328
41.8977264,12.4606828
41.8970766,12.4604606
41.8977953,12.4610418
41.8978600,12.4610408
41.8979903,12.4606043
41.8982245,12.4609997
41.8970404,12.4604665
41.8972728,12.4603495
41.8977263,12.4605855
41.8977848,12.4606248
41.8977539,12.4607674
41.8976827,12.4605902
41.9002724,12.4644992
41.8998865,12.4643651
41.8999137,12.4647562
41.8997460,12.4643561
41.9002011,12.4654274
41.9001839,12.4654719
41.9001286,12.4655603
41.9000979,12.4656094
41.9000654,12.4656615
41.9000566,12.4658390
41.9002021,12.4654428
41.9000214,12.4657319
41.9002910,12.4857132
41.8996000,12.4848337
41.9004919,12.4891075
41.9052192,12.4833892
41.9110933,12.4737722
41.8993843,12.4871091
41.8992154,12.4869887
41.8988476,12.4867846
41.8988999,12.4863249
41.8989030,12.4862730
41.8989040,12.4862503
41.9102165,12.4743695
41.9102856,12.4742362
41.9102772,12.4741991
41.9118565,12.4770028
41.9117416,12.4806706
41.9118650,12.4808089
41.9116825,12.4808868
41.9096164,12.4645501
41.9088123,12.4831098
41.8998677,12.4856964
41.8999611,12.4849897
41.8999410,12.4850560
41.8999496,12.4850299
41.8999641,12.4849612
41.8999277,12.4849541
41.8998955,12.4849468
41.8998367,12.4854333
41.8998684,12.4854432
41.8998961,12.4854487
41.9048499,12.4754282
41.9047723,12.4750215
41.8977550,12.4729282
41.9045833,12.4733625
41.8988222,12.4837404
41.8995724,12.4868516
41.9046112,12.4714379
41.9043804,12.4715808
41.9036810,12.4694231
41.9037087,12.4695058
41.9043582,12.4715075
41.9045907,12.4713640
41.9051627,12.4707390
41.9046606,12.4692330
41.9044879,12.4690533
41.9028937,12.4807103
41.8963767,12.4746954
41.9000841,12.4617746
41.9023804,12.4835938
41.9023335,12.4836155
41.9024730,12.4839649
41.9024229,12.4839873
41.9106255,12.4798092
41.9105845,12.4798254
41.9010892,12.4607854
41.9048527,12.4752569
41.9047695,12.4751889
41.9056729,12.4755427
41.9055766,12.4772445
41.9064103,12.4780174
41.9023234,12.4748409
41.9016291,12.4636941
41.9022111,12.4607013
41.9024584,12.4635932
41.9024586,12.4636731
41.9024585,12.4636316
41.9024602,12.4642012
41.9023225,12.4642039
41.9023235,12.4642274
41.9024603,12.4642220
41.9022585,12.4630828
41.9022480,12.4620245
41.9022666,12.4620235
41.9024168,12.4609497
41.9024149,12.4608531
41.9024195,12.4620164
41.9024367,12.4619830
41.9024353,12.4619126
41.9024373,12.4620157
41.9022216,12.4620260
41.9021802,12.4607034
41.9022086,12.4606126
41.9022102,12.4606681
41.9022074,12.4605695
41.9024118,12.4606910
41.9025565,12.4643698
41.9025291,12.4642194
41.9025539,12.4642400
41.9025584,12.4644942
41.9023866,12.4645371
41.8993514,12.4876249
41.9120679,12.4720458
41.9120354,12.4704981
41.9112182,12.4880547
41.9112392,12.4880635
41.9110083,12.4876099
41.9109965,12.4878719
41.9038464,12.4663035
41.9038100,12.4662923
41.9038083,12.4663048
41.8970209,12.4725242
41.8970106,12.4725704
41.8969510,12.4728043
41.8969298,12.4728706
41.8968545,12.4729158
41.8968812,12.4729574
41.8968985,12.4729826
41.8970252,12.4725146
41.8971277,12.4728582
41.8971020,12.4728891
41.8970075,12.4730888
41.8996987,12.4800537
