     
leisure id: 23694978
41.8965143,12.4871498
41.8962504,12.4871854
41.8962524,12.4872852
41.8961670,12.4873006
41.8960658,12.4882697
41.8964215,12.4881806
41.8964356,12.4882969
41.8964599,12.4882901
41.8964946,12.4885464
41.8964517,12.4885958
41.8964736,12.4886837
41.8965191,12.4887329
41.8969391,12.4883502
41.8971164,12.4881797
41.8970838,12.4880259
41.8971392,12.4879630
41.8966740,12.4872519
41.8966062,12.4873269
41.8965605,12.4872524
41.8965202,12.4872280
41.8965143,12.4871498
leisure_type: garden
     
leisure id: 23802240
41.9094921,12.4802308
41.9100351,12.4809766
41.9104629,12.4815729
41.9108105,12.4814324
41.9114607,12.4811935
41.9123868,12.4809703
41.9127159,12.4809137
41.9128226,12.4808920
41.9128564,12.4808592
41.9128740,12.4807572
41.9128617,12.4806270
41.9126559,12.4798043
41.9124636,12.4789766
41.9123741,12.4786085
41.9121918,12.4780135
41.9119952,12.4775273
41.9119303,12.4774199
41.9117295,12.4770831
41.9114268,12.4774161
41.9112821,12.4775694
41.9108121,12.4780324
41.9105826,12.4783413
41.9105021,12.4784906
41.9104449,12.4785701
41.9104395,12.4787682
41.9104028,12.4788224
41.9104095,12.4789280
41.9105000,12.4790518
41.9105470,12.4791164
41.9103969,12.4792640
41.9102031,12.4794881
41.9097931,12.4799855
41.9097611,12.4800243
41.9094921,12.4802308
leisure_type: park
     
leisure id: 24164642
41.9067844,12.4858093
41.9071042,12.4859414
41.9074236,12.4861389
41.9075450,12.4859672
41.9078516,12.4863363
41.9079293,12.4864354
41.9085586,12.4870837
41.9091675,12.4878555
41.9092464,12.4879160
41.9093103,12.4878731
41.9091100,12.4876581
41.9089715,12.4873180
41.9087587,12.4866624
41.9085181,12.4862972
41.9082578,12.4860167
41.9078252,12.4853871
41.9073609,12.4849422
41.9067844,12.4858093
leisure_type: garden
     
leisure id: 24165332
41.9053081,12.4687352
41.9053227,12.4687517
41.9053328,12.4687808
41.9053669,12.4688567
41.9056055,12.4695651
41.9058322,12.4702763
41.9058779,12.4704254
41.9058628,12.4704902
41.9058123,12.4705236
41.9056370,12.4706264
41.9055353,12.4706904
41.9054367,12.4707475
41.9053883,12.4707687
41.9053418,12.4707664
41.9053003,12.4707097
41.9052757,12.4705850
41.9052314,12.4703005
41.9051502,12.4700028
41.9050608,12.4697329
41.9049561,12.4694845
41.9048167,12.4692031
41.9047700,12.4691002
41.9047720,12.4690396
41.9048023,12.4689846
41.9048526,12.4689555
41.9050790,12.4688220
41.9052548,12.4687170
41.9052741,12.4687154
41.9053081,12.4687352
leisure_type: park
     
leisure id: 24189153
41.9098932,12.4705993
41.9099140,12.4706526
41.9099092,12.4707189
41.9097565,12.4707483
41.9096573,12.4708639
41.9095659,12.4710057
41.9095034,12.4709691
41.9094443,12.4708221
41.9094560,12.4707467
41.9095011,12.4707048
41.9098932,12.4705993
leisure_type: garden
     
leisure id: 24189189
41.9091886,12.4708835
41.9092104,12.4709004
41.9092293,12.4709226
41.9092448,12.4709509
41.9092558,12.4709855
41.9093712,12.4714196
41.9093739,12.4714610
41.9093663,12.4715132
41.9093516,12.4715540
41.9093244,12.4715810
41.9092558,12.4716183
41.9092304,12.4716289
41.9091976,12.4716387
41.9091615,12.4716460
41.9091271,12.4716512
41.9090944,12.4716511
41.9090606,12.4716426
41.9090255,12.4716262
41.9089938,12.4715974
41.9089641,12.4715610
41.9089465,12.4715291
41.9088389,12.4711836
41.9088350,12.4711524
41.9088345,12.4711197
41.9088416,12.4710712
41.9088545,12.4710358
41.9088711,12.4710057
41.9088946,12.4709787
41.9089187,12.4709616
41.9090661,12.4708675
41.9090973,12.4708585
41.9091245,12.4708607
41.9091579,12.4708671
41.9091886,12.4708835
leisure_type: garden
     
leisure id: 27678975
41.9067844,12.4858093
41.9063287,12.4857029
41.9062296,12.4856877
41.9062364,12.4857556
41.9059395,12.4857682
41.9059281,12.4854732
41.9058544,12.4849781
41.9058442,12.4849094
41.9061134,12.4846236
41.9060737,12.4843865
41.9063501,12.4842271
41.9064658,12.4841817
41.9064975,12.4843198
41.9065121,12.4843995
41.9068205,12.4842623
41.9069220,12.4842252
41.9069142,12.4841795
41.9070884,12.4840995
41.9072243,12.4840467
41.9071715,12.4838037
41.9070547,12.4838475
41.9068712,12.4837957
41.9067442,12.4831977
41.9079284,12.4826735
41.9080232,12.4826748
41.9082239,12.4823736
41.9083786,12.4821597
41.9084563,12.4820728
41.9090198,12.4813074
41.9090582,12.4812466
41.9089754,12.4811688
41.9094921,12.4802308
41.9100351,12.4809766
41.9104629,12.4815729
41.9102226,12.4817674
41.9099969,12.4820650
41.9098590,12.4822691
41.9096720,12.4825460
41.9089163,12.4837675
41.9084097,12.4844560
41.9077302,12.4852299
41.9074080,12.4849038
41.9067844,12.4858093
leisure_type: park
     
leisure id: 27679074
41.9082722,12.4846983
41.9083534,12.4848394
41.9080993,12.4851112
41.9080169,12.4849704
41.9080353,12.4849505
41.9082722,12.4846983
leisure_type: pitch
     
leisure id: 27679075
41.9083534,12.4848394
41.9083610,12.4848315
41.9084214,12.4849353
41.9084136,12.4850021
41.9081816,12.4852502
41.9080993,12.4851112
41.9083534,12.4848394
leisure_type: pitch
     
leisure id: 27679076
41.9081935,12.4853195
41.9080757,12.4854659
41.9078468,12.4851333
41.9079646,12.4849869
41.9079828,12.4850134
41.9081935,12.4853195
leisure_type: pitch
     
leisure id: 27679077
41.9084377,12.4855787
41.9083107,12.4857345
41.9081050,12.4854318
41.9082321,12.4852760
41.9084377,12.4855787
leisure_type: pitch
     
leisure id: 44453939
41.8990255,12.4687544
41.8988301,12.4687196
41.8988050,12.4689751
41.8990004,12.4690099
41.8990255,12.4687544
leisure_type: garden
     
leisure id: 44463615
41.9049234,12.4821349
41.9049937,12.4823752
41.9048659,12.4824439
41.9047956,12.4822036
41.9049234,12.4821349
leisure_type: garden
     
leisure id: 51943864
41.9013085,12.4869522
41.9013213,12.4869303
41.9012405,12.4868162
41.9011015,12.4869933
41.9012018,12.4871347
41.9012177,12.4871075
41.9012141,12.4871036
41.9012012,12.4870733
41.9011967,12.4870425
41.9012004,12.4870079
41.9012094,12.4869830
41.9012274,12.4869578
41.9012572,12.4869403
41.9012902,12.4869416
41.9013061,12.4869498
41.9013085,12.4869522
leisure_type: garden
     
leisure id: 52065815
41.9037960,12.4679554
41.9030058,12.4677515
41.9028952,12.4681065
41.9029555,12.4681047
41.9032639,12.4680888
41.9036835,12.4683334
41.9037360,12.4681569
41.9037960,12.4679554
leisure_type: dog_park
     
leisure id: 54049357
41.9067058,12.4839233
41.9067341,12.4840565
41.9065208,12.4841383
41.9064925,12.4840051
41.9067058,12.4839233
leisure_type: garden
     
leisure id: 112966612
41.9070028,12.4843486
41.9068518,12.4844165
41.9069493,12.4848078
41.9071002,12.4847400
41.9070028,12.4843486
leisure_type: pitch
     
leisure id: 113038199
41.9024680,12.4650835
41.9027445,12.4644924
41.9033484,12.4644467
41.9034163,12.4644365
41.9034662,12.4644136
41.9035319,12.4643744
41.9039418,12.4640482
41.9044803,12.4653324
41.9053970,12.4661926
41.9046836,12.4671116
41.9045882,12.4672478
41.9042701,12.4686641
41.9036835,12.4683334
41.9032639,12.4680888
41.9028952,12.4681065
41.9028206,12.4681127
41.9027768,12.4677525
41.9028123,12.4674654
41.9028419,12.4672253
41.9027546,12.4672046
41.9027037,12.4671925
41.9026714,12.4671562
41.9026512,12.4670416
41.9026486,12.4670223
41.9026609,12.4670219
41.9026698,12.4670216
41.9026949,12.4670208
41.9027038,12.4670133
41.9027116,12.4670067
41.9027231,12.4669970
41.9027308,12.4669905
41.9027455,12.4669780
41.9027485,12.4669636
41.9027509,12.4669519
41.9027545,12.4669347
41.9027569,12.4669229
41.9027628,12.4668943
41.9033203,12.4668563
41.9033214,12.4668635
41.9033281,12.4669070
41.9033371,12.4669650
41.9033460,12.4670225
41.9033490,12.4670417
41.9033964,12.4670674
41.9034379,12.4670898
41.9034960,12.4670816
41.9035406,12.4670740
41.9035468,12.4670729
41.9035743,12.4670344
41.9036059,12.4669900
41.9036183,12.4669725
41.9036228,12.4669475
41.9036332,12.4668896
41.9036438,12.4668307
41.9036380,12.4668175
41.9036113,12.4667567
41.9035927,12.4667143
41.9035851,12.4667124
41.9035409,12.4667010
41.9034726,12.4666835
41.9034459,12.4666766
41.9034350,12.4663199
41.9034289,12.4661191
41.9034283,12.4661003
41.9034243,12.4659688
41.9034813,12.4659410
41.9035231,12.4659206
41.9035529,12.4659061
41.9035632,12.4658633
41.9035753,12.4658126
41.9035826,12.4657823
41.9035738,12.4657349
41.9035676,12.4657019
41.9035575,12.4656477
41.9035247,12.4656048
41.9035002,12.4655726
41.9034749,12.4655727
41.9034339,12.4655728
41.9034198,12.4655728
41.9034000,12.4655728
41.9033842,12.4655837
41.9033391,12.4656147
41.9033087,12.4656356
41.9033038,12.4656622
41.9032952,12.4657085
41.9032833,12.4657727
41.9032778,12.4658022
41.9027412,12.4658460
41.9027289,12.4657980
41.9027257,12.4657855
41.9027060,12.4657085
41.9026842,12.4656991
41.9026741,12.4656948
41.9026378,12.4656792
41.9026054,12.4656946
41.9025955,12.4656993
41.9025863,12.4657037
41.9025144,12.4653285
41.9024680,12.4650835
leisure_type: park
     
leisure id: 127942205
41.8983050,12.4652897
41.8983085,12.4652876
41.8983165,12.4652871
41.8983227,12.4652905
41.8983259,12.4652948
41.8983325,12.4652892
41.8983437,12.4652794
41.8983363,12.4652640
41.8983252,12.4652410
41.8982944,12.4652678
41.8983050,12.4652897
leisure_type: garden
     
leisure id: 127942213
41.8984015,12.4652336
41.8984035,12.4652401
41.8984035,12.4652487
41.8984009,12.4652571
41.8983971,12.4652622
41.8984072,12.4652831
41.8984268,12.4652661
41.8984380,12.4652563
41.8984306,12.4652410
41.8984195,12.4652179
41.8984015,12.4652336
leisure_type: garden
     
leisure id: 127942214
41.8983282,12.4652991
41.8983301,12.4653056
41.8983301,12.4653142
41.8983276,12.4653226
41.8983238,12.4653277
41.8983339,12.4653487
41.8983535,12.4653316
41.8983646,12.4653218
41.8983573,12.4653065
41.8983461,12.4652835
41.8983282,12.4652991
leisure_type: garden
     
leisure id: 127942217
41.8984371,12.4653584
41.8984347,12.4653599
41.8984279,12.4653604
41.8984214,12.4653571
41.8984172,12.4653517
41.8983982,12.4653683
41.8984167,12.4654067
41.8984363,12.4653897
41.8984475,12.4653799
41.8984401,12.4653646
41.8984371,12.4653584
leisure_type: garden
     
leisure id: 127942224
41.8983784,12.4652242
41.8983818,12.4652220
41.8983899,12.4652215
41.8983961,12.4652250
41.8983993,12.4652293
41.8984058,12.4652236
41.8984171,12.4652139
41.8984097,12.4651985
41.8983986,12.4651754
41.8983678,12.4652023
41.8983784,12.4652242
leisure_type: garden
     
leisure id: 127942225
41.8983638,12.4654240
41.8983613,12.4654255
41.8983546,12.4654259
41.8983481,12.4654227
41.8983439,12.4654172
41.8983248,12.4654338
41.8983433,12.4654723
41.8983629,12.4654552
41.8983741,12.4654454
41.8983667,12.4654302
41.8983638,12.4654240
leisure_type: garden
     
leisure id: 127942227
41.8991491,12.4662443
41.8991006,12.4660243
41.8993311,12.4659591
41.8993685,12.4661759
41.8992795,12.4661962
41.8992747,12.4661855
41.8992660,12.4661813
41.8992524,12.4661813
41.8992437,12.4661973
41.8992437,12.4662144
41.8991491,12.4662443
leisure_type: garden
     
leisure id: 127942228
41.8983490,12.4653830
41.8983524,12.4653808
41.8983605,12.4653803
41.8983667,12.4653838
41.8983699,12.4653880
41.8983764,12.4653824
41.8983877,12.4653726
41.8983803,12.4653572
41.8983692,12.4653342
41.8983383,12.4653611
41.8983490,12.4653830
leisure_type: garden
     
leisure id: 127942234
41.8984223,12.4653174
41.8984258,12.4653153
41.8984338,12.4653148
41.8984400,12.4653182
41.8984432,12.4653225
41.8984498,12.4653169
41.8984610,12.4653071
41.8984536,12.4652917
41.8984425,12.4652687
41.8984117,12.4652955
41.8984223,12.4653174
leisure_type: garden
     
leisure id: 127942242
41.8983721,12.4653924
41.8983741,12.4653988
41.8983741,12.4654075
41.8983715,12.4654158
41.8983677,12.4654210
41.8983778,12.4654419
41.8983974,12.4654249
41.8984086,12.4654151
41.8984012,12.4653998
41.8983901,12.4653767
41.8983721,12.4653924
leisure_type: garden
     
leisure id: 127942243
41.8983932,12.4652652
41.8983907,12.4652667
41.8983840,12.4652672
41.8983775,12.4652639
41.8983733,12.4652584
41.8983542,12.4652751
41.8983727,12.4653135
41.8983923,12.4652964
41.8984035,12.4652866
41.8983961,12.4652714
41.8983932,12.4652652
leisure_type: garden
     
leisure id: 127942246
41.8983198,12.4653307
41.8983174,12.4653323
41.8983106,12.4653327
41.8983041,12.4653294
41.8982999,12.4653240
41.8982809,12.4653406
41.8982994,12.4653790
41.8983190,12.4653620
41.8983302,12.4653522
41.8983228,12.4653369
41.8983198,12.4653307
leisure_type: garden
     
leisure id: 127942248
41.8984455,12.4653268
41.8984474,12.4653333
41.8984474,12.4653419
41.8984449,12.4653503
41.8984411,12.4653554
41.8984512,12.4653764
41.8984708,12.4653593
41.8984819,12.4653495
41.8984746,12.4653342
41.8984634,12.4653112
41.8984455,12.4653268
leisure_type: garden
     
leisure id: 127942351
41.8982474,12.4653112
41.8982321,12.4653245
41.8982709,12.4654044
41.8982861,12.4653911
41.8982474,12.4653112
leisure_type: garden
     
leisure id: 127942363
41.8982916,12.4654030
41.8982763,12.4654164
41.8983151,12.4654963
41.8983303,12.4654829
41.8982916,12.4654030
leisure_type: garden
     
leisure id: 127942412
41.8993950,12.4660384
41.8993754,12.4657032
41.8994641,12.4656944
41.8994737,12.4657541
41.8994467,12.4657658
41.8994995,12.4660134
41.8993950,12.4660384
leisure_type: garden
     
leisure id: 127942440
41.8983418,12.4654124
41.8983403,12.4654077
41.8983403,12.4653987
41.8983427,12.4653904
41.8983457,12.4653865
41.8983352,12.4653648
41.8983052,12.4653910
41.8983233,12.4654285
41.8983418,12.4654124
leisure_type: garden
     
leisure id: 127942451
41.8984152,12.4653469
41.8984137,12.4653421
41.8984137,12.4653331
41.8984161,12.4653249
41.8984190,12.4653209
41.8984086,12.4652992
41.8983785,12.4653254
41.8983966,12.4653630
41.8984152,12.4653469
leisure_type: garden
     
leisure id: 127942462
41.8982978,12.4653192
41.8982964,12.4653144
41.8982964,12.4653054
41.8982988,12.4652972
41.8983017,12.4652932
41.8982913,12.4652715
41.8982612,12.4652978
41.8982793,12.4653353
41.8982978,12.4653192
leisure_type: garden
     
leisure id: 127942464
41.8983712,12.4652537
41.8983697,12.4652489
41.8983697,12.4652399
41.8983721,12.4652316
41.8983751,12.4652277
41.8983646,12.4652060
41.8983346,12.4652322
41.8983527,12.4652697
41.8983712,12.4652537
leisure_type: garden
     
leisure id: 130434173
41.9012096,12.4708778
41.9012102,12.4711429
41.9011025,12.4711514
41.9011025,12.4712641
41.9009889,12.4712654
41.9009845,12.4709485
41.9010141,12.4708529
41.9010367,12.4708668
41.9010405,12.4708300
41.9011066,12.4708326
41.9011037,12.4708846
41.9011660,12.4708846
41.9011660,12.4708313
41.9011814,12.4708313
41.9011868,12.4708820
41.9012096,12.4708778
leisure_type: garden
     
leisure id: 130434273
41.9002725,12.4705375
41.9001155,12.4705315
41.9001214,12.4703394
41.9001313,12.4703443
41.9001729,12.4703689
41.9002778,12.4704309
41.9002725,12.4705375
leisure_type: garden
     
leisure id: 130807614
41.8982605,12.4784522
41.8984562,12.4784342
41.8984417,12.4781500
41.8982460,12.4781680
41.8982605,12.4784522
leisure_type: garden
     
leisure id: 130807622
41.8976341,12.4802853
41.8973837,12.4803808
41.8973646,12.4802871
41.8976204,12.4801989
41.8976341,12.4802853
leisure_type: garden
     
leisure id: 130807644
41.8983703,12.4792425
41.8988908,12.4791949
41.8988741,12.4786452
41.8985338,12.4786702
41.8983553,12.4786852
41.8983703,12.4792425
leisure_type: garden
     
leisure id: 130807661
41.8981376,12.4791043
41.8981399,12.4788987
41.8981610,12.4788957
41.8981634,12.4789253
41.8982030,12.4789226
41.8982051,12.4791053
41.8981376,12.4791043
leisure_type: garden
     
leisure id: 130807683
41.8988650,12.4800801
41.8989031,12.4801119
41.8990353,12.4800795
41.8990677,12.4803320
41.8987245,12.4804246
41.8987139,12.4803803
41.8986911,12.4802065
41.8986617,12.4802147
41.8986495,12.4801332
41.8988650,12.4800801
leisure_type: garden
     
leisure id: 156656902
41.9040957,12.4659237
41.9039145,12.4656577
41.9038088,12.4657771
41.9039922,12.4660462
41.9040957,12.4659237
leisure_type: playground
     
leisure id: 163030501
41.9028061,12.4689647
41.9027802,12.4689754
41.9027881,12.4690800
41.9028302,12.4690155
41.9028061,12.4689647
leisure_type: park
     
leisure id: 163030502
41.9029478,12.4690103
41.9029239,12.4690344
41.9029399,12.4691632
41.9030377,12.4692437
41.9030157,12.4690666
41.9029478,12.4690103
leisure_type: park
     
leisure id: 163030503
41.9028524,12.4690358
41.9027961,12.4691283
41.9028202,12.4693096
41.9028939,12.4691686
41.9028800,12.4690425
41.9028524,12.4690358
leisure_type: park
     
leisure id: 163030505
41.9029219,12.4688333
41.9028939,12.4688145
41.9028840,12.4686911
41.9029578,12.4685704
41.9029738,12.4687501
41.9029219,12.4688333
leisure_type: park
     
leisure id: 163030506
41.9027263,12.4683746
41.9027422,12.4685651
41.9028380,12.4686509
41.9028201,12.4684444
41.9027263,12.4683746
leisure_type: park
     
leisure id: 163030509
41.9028141,12.4688842
41.9027642,12.4688252
41.9027782,12.4689406
41.9028041,12.4689325
41.9028141,12.4688842
leisure_type: park
     
leisure id: 163030511
41.9029538,12.4685248
41.9028840,12.4686348
41.9028600,12.4684336
41.9029405,12.4683280
41.9029538,12.4685248
leisure_type: park
     
leisure id: 163030513
41.9028959,12.4692276
41.9028281,12.4693617
41.9028560,12.4695521
41.9029259,12.4694207
41.9028959,12.4692276
leisure_type: park
     
leisure id: 163030515
41.9029578,12.4688896
41.9029419,12.4688574
41.9029798,12.4687931
41.9029919,12.4688832
41.9029578,12.4688896
leisure_type: park
     
leisure id: 163030520
41.9030477,12.4693000
41.9029478,12.4692142
41.9029779,12.4694089
41.9029898,12.4694287
41.9030097,12.4693965
41.9030317,12.4693965
41.9030636,12.4694180
41.9030477,12.4693000
leisure_type: park
     
leisure id: 163030526
41.9028400,12.4687045
41.9027502,12.4686133
41.9027662,12.4687850
41.9028301,12.4688467
41.9028500,12.4688360
41.9028400,12.4687045
leisure_type: park
     
leisure id: 163030527
41.9029578,12.4689754
41.9029678,12.4689352
41.9029958,12.4689272
41.9030057,12.4690210
41.9029578,12.4689754
leisure_type: park
     
leisure id: 201372664
41.8989631,12.4886141
41.8989661,12.4886270
41.8989583,12.4886472
41.8989421,12.4886541
41.8989331,12.4886478
41.8989148,12.4886683
41.8989887,12.4887870
41.8989829,12.4887934
41.8988176,12.4885279
41.8987867,12.4885626
41.8989936,12.4888478
41.8990819,12.4887486
41.8989837,12.4885908
41.8989631,12.4886141
leisure_type: garden
     
leisure id: 201372665
41.8989253,12.4886360
41.8989220,12.4886219
41.8989298,12.4886017
41.8989459,12.4885948
41.8989558,12.4886017
41.8989762,12.4885787
41.8988923,12.4884439
41.8988233,12.4885214
41.8989073,12.4886562
41.8989253,12.4886360
leisure_type: garden
     
leisure id: 201412680
41.8980379,12.4878941
41.8980196,12.4879118
41.8979964,12.4879190
41.8979731,12.4879132
41.8979543,12.4878968
41.8979428,12.4878757
41.8979366,12.4878415
41.8979409,12.4878106
41.8979528,12.4877860
41.8979696,12.4877696
41.8979931,12.4877617
41.8980186,12.4877682
41.8980348,12.4877824
41.8980483,12.4878073
41.8980537,12.4878370
41.8980492,12.4878707
41.8980379,12.4878941
leisure_type: garden
     
leisure id: 201412682
41.8987675,12.4876709
41.8987847,12.4871672
41.8987222,12.4871880
41.8986764,12.4872329
41.8987184,12.4873101
41.8987374,12.4874156
41.8987217,12.4875340
41.8986818,12.4876169
41.8987339,12.4876626
41.8987675,12.4876709
leisure_type: garden
     
leisure id: 201412684
41.8985391,12.4876855
41.8986111,12.4876632
41.8986596,12.4876163
41.8986214,12.4875463
41.8985995,12.4874263
41.8986149,12.4873166
41.8986561,12.4872312
41.8986077,12.4871889
41.8985329,12.4871697
41.8985391,12.4876855
leisure_type: garden
     
leisure id: 201414000
41.8985680,12.4881888
41.8986089,12.4882078
41.8986277,12.4882601
41.8986136,12.4883150
41.8985747,12.4883404
41.8983362,12.4883594
41.8982953,12.4883404
41.8982765,12.4882881
41.8982906,12.4882332
41.8983295,12.4882078
41.8985680,12.4881888
leisure_type: garden
     
leisure id: 201414174
41.8982704,12.4874536
41.8982266,12.4874960
41.8981712,12.4875132
41.8981154,12.4874994
41.8980705,12.4874600
41.8980433,12.4874102
41.8980283,12.4873279
41.8980387,12.4872540
41.8980669,12.4871955
41.8981068,12.4871563
41.8981631,12.4871375
41.8982244,12.4871532
41.8982626,12.4871866
41.8982950,12.4872463
41.8983078,12.4873172
41.8982971,12.4873981
41.8982704,12.4874536
leisure_type: garden
     
leisure id: 201415618
41.8986913,12.4881207
41.8987082,12.4881256
41.8987204,12.4881406
41.8987035,12.4882156
41.8986998,12.4882677
41.8987060,12.4883282
41.8987243,12.4883761
41.8986998,12.4884008
41.8986837,12.4883718
41.8986899,12.4883655
41.8986799,12.4883393
41.8986727,12.4882684
41.8986778,12.4881965
41.8986892,12.4881514
41.8986683,12.4881204
41.8986471,12.4881202
41.8986475,12.4880488
41.8986917,12.4880493
41.8986913,12.4881207
leisure_type: garden
     
leisure id: 201506665
41.9020693,12.4882468
41.9021403,12.4882214
41.9021254,12.4881446
41.9022900,12.4880871
41.9023145,12.4882135
41.9022626,12.4882316
41.9022956,12.4884018
41.9023122,12.4885895
41.9023659,12.4885809
41.9023662,12.4886072
41.9023118,12.4886080
41.9023132,12.4887894
41.9022979,12.4887896
41.9023005,12.4891397
41.9023009,12.4891924
41.9021423,12.4893944
41.9022042,12.4894823
41.9018811,12.4898914
41.9017710,12.4897383
41.9016787,12.4898581
41.9016612,12.4898807
41.9015088,12.4896688
41.9003070,12.4879977
41.9003338,12.4879629
41.9001295,12.4876788
41.9001791,12.4876144
41.9000994,12.4875035
41.9001369,12.4874549
41.9001027,12.4874074
41.9002354,12.4872352
41.9004748,12.4869244
41.9007520,12.4865645
41.9010829,12.4861350
41.9011016,12.4861610
41.9012753,12.4859355
41.9017707,12.4867407
41.9020693,12.4882468
leisure_type: park
     
leisure id: 201506675
41.9016123,12.4876924
41.9015371,12.4875858
41.9016652,12.4874226
41.9017404,12.4875292
41.9016123,12.4876924
leisure_type: garden
     
leisure id: 201506679
41.9009398,12.4882866
41.9008633,12.4881783
41.9009988,12.4880057
41.9010752,12.4881141
41.9009398,12.4882866
leisure_type: garden
     
leisure id: 201506681
41.9009227,12.4883083
41.9008461,12.4884059
41.9007697,12.4882976
41.9008463,12.4882000
41.9009227,12.4883083
leisure_type: garden
     
leisure id: 201506682
41.9016233,12.4895656
41.9015639,12.4896412
41.9009116,12.4887166
41.9009709,12.4886410
41.9016233,12.4895656
leisure_type: garden
     
leisure id: 201506683
41.9015148,12.4875542
41.9014384,12.4874459
41.9015656,12.4872839
41.9016420,12.4873922
41.9015148,12.4875542
leisure_type: garden
     
leisure id: 201506684
41.9013825,12.4877227
41.9013061,12.4876144
41.9014227,12.4874658
41.9014991,12.4875741
41.9013825,12.4877227
leisure_type: garden
     
leisure id: 201506685
41.9010373,12.4884248
41.9009568,12.4883107
41.9010922,12.4881382
41.9011727,12.4882523
41.9010373,12.4884248
leisure_type: garden
     
leisure id: 201506686
41.9014800,12.4878609
41.9014048,12.4877543
41.9015230,12.4876037
41.9015982,12.4877103
41.9014800,12.4878609
leisure_type: garden
     
leisure id: 201506687
41.9009397,12.4883324
41.9010202,12.4884465
41.9009436,12.4885441
41.9008631,12.4884300
41.9009397,12.4883324
leisure_type: garden
     
leisure id: 201535688
41.9010880,12.4869742
41.9009527,12.4867827
41.9010418,12.4866691
41.9010917,12.4866055
41.9012270,12.4867971
41.9010880,12.4869742
leisure_type: garden
     
leisure id: 201535689
41.9012452,12.4864099
41.9012736,12.4863737
41.9014363,12.4865304
41.9013805,12.4866015
41.9012452,12.4864099
leisure_type: garden
     
leisure id: 201535690
41.9008296,12.4869395
41.9009379,12.4868016
41.9010731,12.4869932
41.9009649,12.4871311
41.9008296,12.4869395
leisure_type: garden
     
leisure id: 201535691
41.9011075,12.4865854
41.9012282,12.4864317
41.9013634,12.4866232
41.9012428,12.4867770
41.9011075,12.4865854
leisure_type: garden
     
leisure id: 201535692
41.9007646,12.4873859
41.9004319,12.4878942
41.9004485,12.4879139
41.9007958,12.4873833
41.9007564,12.4873368
41.9007419,12.4873590
41.9007646,12.4873859
leisure_type: garden
     
leisure id: 201535873
41.9004738,12.4871615
41.9004671,12.4871700
41.9004490,12.4871283
41.9004446,12.4870804
41.9004516,12.4870450
41.9003922,12.4871207
41.9004460,12.4871969
41.9004395,12.4872052
41.9003795,12.4871203
41.9006612,12.4867613
41.9007211,12.4868462
41.9007146,12.4868545
41.9006608,12.4867783
41.9006138,12.4868383
41.9006442,12.4868315
41.9006786,12.4868411
41.9007055,12.4868661
41.9006988,12.4868745
41.9006750,12.4868524
41.9006440,12.4868438
41.9006021,12.4868532
41.9005512,12.4869181
41.9005432,12.4869283
41.9005257,12.4869505
41.9004839,12.4870039
41.9004641,12.4870291
41.9004537,12.4870812
41.9004577,12.4871243
41.9004738,12.4871615
leisure_type: garden
     
leisure id: 201535874
41.9008087,12.4869098
41.9006836,12.4867327
41.9007918,12.4865948
41.9009169,12.4867719
41.9008087,12.4869098
leisure_type: garden
     
leisure id: 201537929
41.9007573,12.4872915
41.9008640,12.4871289
41.9008981,12.4871772
41.9009243,12.4871438
41.9008036,12.4869728
41.9006900,12.4871175
41.9006800,12.4871033
41.9008055,12.4869433
41.9009508,12.4871491
41.9008122,12.4873602
41.9007573,12.4872915
leisure_type: garden
     
leisure id: 201542380
41.9006941,12.4869308
41.9006971,12.4869564
41.9006905,12.4869939
41.9005795,12.4871354
41.9005500,12.4871587
41.9005329,12.4871618
41.9005176,12.4871568
41.9005253,12.4871469
41.9005334,12.4871495
41.9005470,12.4871470
41.9005740,12.4871257
41.9006824,12.4869876
41.9006879,12.4869560
41.9006862,12.4869409
41.9006941,12.4869308
leisure_type: garden
     
leisure id: 201542381
41.9005556,12.4869458
41.9006105,12.4868758
41.9006436,12.4868683
41.9006677,12.4868750
41.9006891,12.4868949
41.9007023,12.4869235
41.9007062,12.4869569
41.9006986,12.4870002
41.9006435,12.4870704
41.9006497,12.4870792
41.9007068,12.4870064
41.9007154,12.4869574
41.9007109,12.4869192
41.9006957,12.4868864
41.9006714,12.4868637
41.9006438,12.4868561
41.9006063,12.4868645
41.9005494,12.4869370
41.9005556,12.4869458
leisure_type: garden
     
leisure id: 201542382
41.9006323,12.4871014
41.9006261,12.4870926
41.9005849,12.4871451
41.9005530,12.4871703
41.9005325,12.4871740
41.9005085,12.4871663
41.9004877,12.4871456
41.9004751,12.4871165
41.9004720,12.4870829
41.9004801,12.4870419
41.9005381,12.4869680
41.9005319,12.4869593
41.9004721,12.4870355
41.9004628,12.4870821
41.9004664,12.4871204
41.9004809,12.4871539
41.9005047,12.4871775
41.9005320,12.4871863
41.9005560,12.4871819
41.9005903,12.4871548
41.9006323,12.4871014
leisure_type: garden
     
leisure id: 201542383
41.9006722,12.4869086
41.9006605,12.4868977
41.9006433,12.4868929
41.9006189,12.4868984
41.9005759,12.4869531
41.9005679,12.4869633
41.9005505,12.4869855
41.9005086,12.4870389
41.9004962,12.4870547
41.9004902,12.4870846
41.9004925,12.4871086
41.9005006,12.4871273
41.9004939,12.4871359
41.9004838,12.4871125
41.9004811,12.4870838
41.9004882,12.4870483
41.9005024,12.4870302
41.9005443,12.4869768
41.9005617,12.4869546
41.9005697,12.4869444
41.9006147,12.4868871
41.9006435,12.4868806
41.9006641,12.4868863
41.9006789,12.4869001
41.9006722,12.4869086
leisure_type: garden
     
leisure id: 201542384
41.9004964,12.4871843
41.9005008,12.4871887
41.9005316,12.4871986
41.9005590,12.4871936
41.9005958,12.4871645
41.9007149,12.4870127
41.9007245,12.4869579
41.9007195,12.4869149
41.9007146,12.4869044
41.9007213,12.4868959
41.9007281,12.4869106
41.9007337,12.4869583
41.9007268,12.4869976
41.9007735,12.4869380
41.9007332,12.4868808
41.9007397,12.4868725
41.9007862,12.4869384
41.9005046,12.4872974
41.9004580,12.4872315
41.9004645,12.4872232
41.9005049,12.4872803
41.9005669,12.4872013
41.9005620,12.4872052
41.9005311,12.4872108
41.9004969,12.4871998
41.9004897,12.4871926
41.9004964,12.4871843
leisure_type: garden
     
leisure id: 201543882
41.9009582,12.4879016
41.9009095,12.4878305
41.9009248,12.4878116
41.9009613,12.4878650
41.9010533,12.4877514
41.9009645,12.4876434
41.9007374,12.4880317
41.9007233,12.4880168
41.9009622,12.4876082
41.9010800,12.4877513
41.9009582,12.4879016
leisure_type: garden
     
leisure id: 201543883
41.9008436,12.4874009
41.9009674,12.4872126
41.9010552,12.4873365
41.9009529,12.4875114
41.9008710,12.4873958
41.9008560,12.4874185
41.9009545,12.4875575
41.9010848,12.4873346
41.9009667,12.4871679
41.9008281,12.4873791
41.9008436,12.4874009
leisure_type: garden
     
leisure id: 201543884
41.9012417,12.4871303
41.9012621,12.4871388
41.9012916,12.4871359
41.9013151,12.4871208
41.9013287,12.4871040
41.9013418,12.4870739
41.9013458,12.4870515
41.9013407,12.4870006
41.9013304,12.4869786
41.9013417,12.4869592
41.9014097,12.4870552
41.9013104,12.4872871
41.9012223,12.4871635
41.9012417,12.4871303
leisure_type: garden
     
leisure id: 201543885
41.9006851,12.4882962
41.9009629,12.4879531
41.9009811,12.4879798
41.9007033,12.4883229
41.9006851,12.4882962
leisure_type: garden
     
leisure id: 201543886
41.9012928,12.4875950
41.9012746,12.4875683
41.9013929,12.4874222
41.9014111,12.4874489
41.9012928,12.4875950
leisure_type: garden
     
leisure id: 201543887
41.9004747,12.4873353
41.9003548,12.4874882
41.9002708,12.4873691
41.9003907,12.4872162
41.9004747,12.4873353
leisure_type: garden
     
leisure id: 201543888
41.9009417,12.4879221
41.9007998,12.4880972
41.9007876,12.4880794
41.9009295,12.4879043
41.9009417,12.4879221
leisure_type: garden
     
leisure id: 201543889
41.9011403,12.4877834
41.9011220,12.4877567
41.9012582,12.4875886
41.9012765,12.4876153
41.9011403,12.4877834
leisure_type: garden
     
leisure id: 201543890
41.9014271,12.4874294
41.9014089,12.4874027
41.9017015,12.4870412
41.9017197,12.4870679
41.9014271,12.4874294
leisure_type: garden
     
leisure id: 201543891
41.9013551,12.4869363
41.9014207,12.4870296
41.9015071,12.4868278
41.9014589,12.4867588
41.9013551,12.4869363
leisure_type: garden
     
leisure id: 201543892
41.9011162,12.4873449
41.9012216,12.4874945
41.9012995,12.4873126
41.9012094,12.4871855
41.9011162,12.4873449
leisure_type: garden
     
leisure id: 201543893
41.9009977,12.4879594
41.9009795,12.4879328
41.9010961,12.4877888
41.9011143,12.4878154
41.9009977,12.4879594
leisure_type: garden
     
leisure id: 201543894
41.9010958,12.4873159
41.9011889,12.4871567
41.9010866,12.4870123
41.9009784,12.4871502
41.9010958,12.4873159
leisure_type: garden
     
leisure id: 201543895
41.9013769,12.4866423
41.9013823,12.4866499
41.9014386,12.4867297
41.9013348,12.4869072
41.9012563,12.4867960
41.9013769,12.4866423
leisure_type: garden
     
leisure id: 201543896
41.9007794,12.4881223
41.9007673,12.4881045
41.9006649,12.4882310
41.9006412,12.4881961
41.9007208,12.4880601
41.9007067,12.4880452
41.9006177,12.4881973
41.9006637,12.4882651
41.9007794,12.4881223
leisure_type: garden
     
leisure id: 201543897
41.9009157,12.4875848
41.9006101,12.4881073
41.9006243,12.4881223
41.9009404,12.4875817
41.9008130,12.4874020
41.9004644,12.4879329
41.9004829,12.4879548
41.9008171,12.4874458
41.9009157,12.4875848
leisure_type: garden
     
leisure id: 201544329
41.9010821,12.4862248
41.9012072,12.4864020
41.9010866,12.4865557
41.9010469,12.4864996
41.9010786,12.4864537
41.9010936,12.4863967
41.9010941,12.4863402
41.9010845,12.4862865
41.9010605,12.4862524
41.9010821,12.4862248
leisure_type: garden
     
leisure id: 201544330
41.9010306,12.4865190
41.9010030,12.4865518
41.9009669,12.4865736
41.9009151,12.4865829
41.9008651,12.4865660
41.9008411,12.4865320
41.9008067,12.4865758
41.9009318,12.4867530
41.9010708,12.4865758
41.9010306,12.4865190
leisure_type: garden
     
leisure id: 201591602
41.9027447,12.4894666
41.9030526,12.4896267
41.9030466,12.4896111
41.9030394,12.4895513
41.9030466,12.4894914
41.9030668,12.4894388
41.9030976,12.4893975
41.9031368,12.4893702
41.9031441,12.4893686
41.9031245,12.4893236
41.9031685,12.4892888
41.9031478,12.4892415
41.9030637,12.4893081
41.9029264,12.4891463
41.9027447,12.4894666
leisure_type: garden
     
leisure id: 201592884
41.9038196,12.4909999
41.9038420,12.4910666
41.9038077,12.4910863
41.9037909,12.4910973
41.9038334,12.4912146
41.9037655,12.4912576
41.9037284,12.4911416
41.9035657,12.4912447
41.9036082,12.4913620
41.9031289,12.4916763
41.9030436,12.4915482
41.9029173,12.4913631
41.9029325,12.4913445
41.9029877,12.4914262
41.9030459,12.4913554
41.9029983,12.4912840
41.9029787,12.4912980
41.9029562,12.4912936
41.9029365,12.4912803
41.9029229,12.4912627
41.9029463,12.4912342
41.9029405,12.4912198
41.9029384,12.4912032
41.9029402,12.4911864
41.9029259,12.4911705
41.9028495,12.4910593
41.9028234,12.4910223
41.9029024,12.4909282
41.9028835,12.4909126
41.9028352,12.4908868
41.9027964,12.4908522
41.9026543,12.4906372
41.9026047,12.4906136
41.9025401,12.4906227
41.9024298,12.4906974
41.9023785,12.4907567
41.9023426,12.4907087
41.9023130,12.4906693
41.9027487,12.4903777
41.9027508,12.4903321
41.9025930,12.4901706
41.9026884,12.4900024
41.9025282,12.4898384
41.9027274,12.4894871
41.9029257,12.4891375
41.9030642,12.4893007
41.9031494,12.4892332
41.9031747,12.4892909
41.9031306,12.4893258
41.9031513,12.4893732
41.9031813,12.4893667
41.9032244,12.4893760
41.9032624,12.4894024
41.9032921,12.4894424
41.9033054,12.4894769
41.9033994,12.4894184
41.9034052,12.4894352
41.9034205,12.4894797
41.9034096,12.4894866
41.9034799,12.4896865
41.9034091,12.4897315
41.9033995,12.4897043
41.9032704,12.4897863
41.9031003,12.4898944
41.9030404,12.4897241
41.9028584,12.4898397
41.9029748,12.4901704
41.9029624,12.4901783
41.9030153,12.4903288
41.9030510,12.4903062
41.9031359,12.4905476
41.9032626,12.4904669
41.9032225,12.4903579
41.9033500,12.4902755
41.9034177,12.4904611
41.9034666,12.4904295
41.9034528,12.4903909
41.9034815,12.4903717
41.9035127,12.4903507
41.9035273,12.4903912
41.9035758,12.4903610
41.9036905,12.4902890
41.9037598,12.4904859
41.9037452,12.4904952
41.9037497,12.4905082
41.9036485,12.4905725
41.9036714,12.4906376
41.9037936,12.4905600
41.9039237,12.4909297
41.9038196,12.4909999
leisure_type: park
     
leisure id: 201741872
41.9056651,12.4758130
41.9057039,12.4757327
41.9057160,12.4757188
41.9057247,12.4757118
41.9057536,12.4756885
41.9057703,12.4756845
41.9058283,12.4756921
41.9058237,12.4757461
41.9058214,12.4757576
41.9058161,12.4757701
41.9058089,12.4757808
41.9058014,12.4757873
41.9057371,12.4758269
41.9057267,12.4758312
41.9057136,12.4758329
41.9057003,12.4758316
41.9056901,12.4758276
41.9056651,12.4758130
leisure_type: park
     
leisure id: 201744334
41.9063787,12.4757791
41.9063705,12.4758365
41.9063700,12.4758494
41.9063717,12.4758647
41.9063753,12.4758792
41.9063802,12.4758908
41.9064251,12.4759683
41.9064308,12.4759739
41.9064398,12.4759791
41.9064422,12.4759798
41.9064506,12.4759803
41.9064926,12.4759740
41.9064984,12.4758551
41.9064978,12.4758365
41.9064924,12.4758191
41.9064827,12.4758031
41.9064701,12.4757938
41.9063787,12.4757791
leisure_type: park
     
leisure id: 201744335
41.9064473,12.4768999
41.9064422,12.4770039
41.9064283,12.4770460
41.9064005,12.4770708
41.9063101,12.4770599
41.9063125,12.4770330
41.9063173,12.4770152
41.9063232,12.4770035
41.9064139,12.4769056
41.9064227,12.4768994
41.9064320,12.4768979
41.9064473,12.4768999
leisure_type: park
     
leisure id: 202128598
41.9048467,12.4819633
41.9047853,12.4817935
41.9046062,12.4819178
41.9046393,12.4820381
41.9046743,12.4820920
41.9048467,12.4819633
leisure_type: garden
     
leisure id: 202130698
41.9050466,12.4840553
41.9050597,12.4840815
41.9050970,12.4841576
41.9049103,12.4843229
41.9049090,12.4843202
41.9049116,12.4843149
41.9049068,12.4842819
41.9048860,12.4842631
41.9048816,12.4842643
41.9048789,12.4842589
41.9048856,12.4842530
41.9049212,12.4842214
41.9049024,12.4841830
41.9050466,12.4840553
leisure_type: garden
     
leisure id: 202130699
41.9046938,12.4843863
41.9048086,12.4845939
41.9049159,12.4844846
41.9048239,12.4842926
41.9048365,12.4842818
41.9048301,12.4842684
41.9046938,12.4843863
leisure_type: garden
     
leisure id: 202156356
41.8992862,12.4831903
41.8991076,12.4832333
41.8991109,12.4834429
41.8991802,12.4834410
41.8991973,12.4835701
41.8992153,12.4835637
41.8994324,12.4835287
41.8995764,12.4835555
41.8995410,12.4833071
41.8993719,12.4834207
41.8992862,12.4831903
leisure_type: garden
     
leisure id: 202275075
41.9019861,12.4848379
41.9021298,12.4851519
41.9021841,12.4851070
41.9022119,12.4851677
41.9019868,12.4853541
41.9019537,12.4852947
41.9019709,12.4852773
41.9019093,12.4851667
41.9019003,12.4851757
41.9018678,12.4851173
41.9018415,12.4851437
41.9017776,12.4850289
41.9017916,12.4850149
41.9018055,12.4850398
41.9019253,12.4849409
41.9019163,12.4849212
41.9019775,12.4848706
41.9019689,12.4848520
41.9019861,12.4848379
leisure_type: garden
     
leisure id: 202309409
41.9038853,12.4861994
41.9038632,12.4863184
41.9038311,12.4863077
41.9038532,12.4861886
41.9038853,12.4861994
leisure_type: garden
     
leisure id: 202309410
41.9039078,12.4860777
41.9038904,12.4861718
41.9038583,12.4861610
41.9038757,12.4860670
41.9039078,12.4860777
leisure_type: garden
     
leisure id: 202309411
41.9038180,12.4860477
41.9038540,12.4860597
41.9038366,12.4861538
41.9038006,12.4861418
41.9038180,12.4860477
leisure_type: garden
     
leisure id: 202309412
41.9037955,12.4861694
41.9038315,12.4861814
41.9038094,12.4863004
41.9037735,12.4862884
41.9037955,12.4861694
leisure_type: garden
     
leisure id: 202337875
41.9032741,12.4839647
41.9033685,12.4839374
41.9033843,12.4840362
41.9032899,12.4840635
41.9032741,12.4839647
leisure_type: garden
     
leisure id: 202337876
41.9034926,12.4839015
41.9035084,12.4840003
41.9034105,12.4840286
41.9033947,12.4839298
41.9034926,12.4839015
leisure_type: garden
     
leisure id: 202337877
41.9034872,12.4838682
41.9033893,12.4838965
41.9033726,12.4837919
41.9034705,12.4837636
41.9034872,12.4838682
leisure_type: garden
     
leisure id: 202337878
41.9032520,12.4838268
41.9033464,12.4837995
41.9033631,12.4839041
41.9032687,12.4839314
41.9032520,12.4838268
leisure_type: garden
     
leisure id: 202580555
41.9107469,12.4749390
41.9105062,12.4750463
41.9105629,12.4752760
41.9106089,12.4752708
41.9106687,12.4752760
41.9107290,12.4752937
41.9107741,12.4753145
41.9108117,12.4753409
41.9108461,12.4753755
41.9108665,12.4754012
41.9108713,12.4753999
41.9107469,12.4749390
leisure_type: park
     
leisure id: 202581027
41.9101197,12.4758694
41.9101504,12.4756721
41.9101944,12.4755725
41.9102575,12.4754636
41.9102938,12.4754199
41.9103310,12.4753956
41.9103086,12.4752979
41.9102765,12.4753112
41.9102634,12.4752544
41.9102956,12.4752411
41.9102758,12.4751551
41.9101749,12.4751970
41.9101884,12.4752557
41.9101458,12.4752733
41.9101323,12.4752146
41.9100503,12.4752486
41.9100704,12.4753362
41.9100228,12.4753559
41.9100598,12.4755174
41.9100787,12.4755096
41.9101197,12.4758694
leisure_type: park
     
leisure id: 204006283
41.8995925,12.4886417
41.8996146,12.4886486
41.8996291,12.4886693
41.8996486,12.4887014
41.8998389,12.4889953
41.9002582,12.4885052
41.8999471,12.4880587
41.8999234,12.4880247
41.8998928,12.4879809
41.8995976,12.4875572
41.8992049,12.4880162
41.8993562,12.4882302
41.8993872,12.4882690
41.8994031,12.4882932
41.8994110,12.4883033
41.8993921,12.4883264
41.8993908,12.4883509
41.8995785,12.4886407
41.8995925,12.4886417
leisure_type: garden
     
leisure id: 257899533
41.8986230,12.4783810
41.8988601,12.4783601
41.8988370,12.4780746
41.8986135,12.4780828
41.8986230,12.4783810
leisure_type: garden
     
leisure id: 277515638
41.9093316,12.4797259
41.9093915,12.4798170
41.9093276,12.4799269
41.9093057,12.4800718
41.9093216,12.4801549
41.9087718,12.4810897
41.9082459,12.4819614
41.9079035,12.4822028
41.9077189,12.4817615
41.9080203,12.4815389
41.9080823,12.4816537
41.9082279,12.4815041
41.9082079,12.4814316
41.9085092,12.4810830
41.9084573,12.4809784
41.9088545,12.4804875
41.9090624,12.4799639
41.9093316,12.4797259
leisure_type: park
     
leisure id: 277515641
41.9106051,12.4773655
41.9108167,12.4774219
41.9109245,12.4777396
41.9107783,12.4778730
41.9106601,12.4780078
41.9105303,12.4781728
41.9104774,12.4783042
41.9102908,12.4785912
41.9098856,12.4792805
41.9098038,12.4792711
41.9097658,12.4792188
41.9098327,12.4791451
41.9098716,12.4791411
41.9099744,12.4790002
41.9099575,12.4789667
41.9100493,12.4788339
41.9100014,12.4787468
41.9099525,12.4787897
41.9098426,12.4787026
41.9100443,12.4785724
41.9100383,12.4785510
41.9100612,12.4785349
41.9100612,12.4785362
41.9102229,12.4783766
41.9101341,12.4781325
41.9102060,12.4780145
41.9101600,12.4778886
41.9105513,12.4774568
41.9106051,12.4773655
leisure_type: park
     
leisure id: 308284682
41.9019194,12.4639986
41.9017996,12.4636338
41.9017058,12.4637652
41.9018934,12.4640281
41.9019194,12.4639986
leisure_type: park
     
leisure id: 308284683
41.9043010,12.4640254
41.9041712,12.4641112
41.9042730,12.4643687
41.9043928,12.4642829
41.9043010,12.4640254
leisure_type: park
     
leisure id: 337487530
41.9054255,12.4866424
41.9055840,12.4871705
41.9058095,12.4869887
41.9058284,12.4869734
41.9057388,12.4867084
41.9058117,12.4866476
41.9057417,12.4863312
41.9056570,12.4863666
41.9056945,12.4865101
41.9055322,12.4865881
41.9054255,12.4866424
leisure_type: garden
     
leisure id: 337487533
41.9061915,12.4859071
41.9062505,12.4861182
41.9057417,12.4863312
41.9056570,12.4863666
41.9055459,12.4859256
41.9061915,12.4859071
leisure_type: garden
     
leisure id: 337487534
41.9058095,12.4869887
41.9058215,12.4870245
41.9057438,12.4870893
41.9057831,12.4872043
41.9058185,12.4873018
41.9056572,12.4874285
41.9055543,12.4871945
41.9055840,12.4871705
41.9058095,12.4869887
leisure_type: garden
     
leisure id: 337589801
41.9063211,12.4863712
41.9064602,12.4868688
41.9064128,12.4869042
41.9063933,12.4868707
41.9063331,12.4867257
41.9063099,12.4867431
41.9062687,12.4866437
41.9062919,12.4866264
41.9063009,12.4866480
41.9063381,12.4866201
41.9063040,12.4865381
41.9062668,12.4865659
41.9062787,12.4865947
41.9062556,12.4866120
41.9062034,12.4864865
41.9063211,12.4863712
leisure_type: garden
     
leisure id: 337589802
41.9064602,12.4868688
41.9064128,12.4869042
41.9058655,12.4873138
41.9059373,12.4874870
41.9057641,12.4876213
41.9060459,12.4881749
41.9065783,12.4879223
41.9065929,12.4878260
41.9066340,12.4877610
41.9066100,12.4876746
41.9066761,12.4876414
41.9064602,12.4868688
leisure_type: garden
     
leisure id: 337696907
41.9073384,12.4866724
41.9067977,12.4866538
41.9067733,12.4866634
41.9067440,12.4866856
41.9067103,12.4867385
41.9066903,12.4867904
41.9066845,12.4868472
41.9066595,12.4868587
41.9066573,12.4868799
41.9069044,12.4877767
41.9075875,12.4874620
41.9074013,12.4867318
41.9073842,12.4866501
41.9073384,12.4866724
leisure_type: garden
     
leisure id: 358627059
41.9056433,12.4697336
41.9056052,12.4697547
41.9056186,12.4698081
41.9056315,12.4698646
41.9056539,12.4699572
41.9056741,12.4700483
41.9056836,12.4701130
41.9058051,12.4702328
41.9057824,12.4701579
41.9056978,12.4699005
41.9056433,12.4697336
leisure_type: park
     
leisure id: 358627060
41.9051554,12.4691635
41.9051507,12.4691943
41.9051352,12.4692178
41.9051131,12.4692278
41.9050902,12.4692216
41.9050726,12.4692008
41.9050652,12.4691710
41.9050698,12.4691402
41.9050853,12.4691166
41.9051075,12.4691066
41.9051304,12.4691129
41.9051479,12.4691337
41.9051554,12.4691635
leisure_type: park
     
leisure id: 358627061
41.9055411,12.4703425
41.9055363,12.4703711
41.9055223,12.4703935
41.9055021,12.4704045
41.9054804,12.4704017
41.9054621,12.4703856
41.9054516,12.4703600
41.9054510,12.4703307
41.9054607,12.4703044
41.9054784,12.4702872
41.9055000,12.4702830
41.9055205,12.4702928
41.9055354,12.4703142
41.9055411,12.4703425
leisure_type: park
     
leisure id: 358627062
41.9055662,12.4697750
41.9055898,12.4698699
41.9056043,12.4699338
41.9056189,12.4700001
41.9056296,12.4700573
41.9055724,12.4699926
41.9055253,12.4699459
41.9054923,12.4699180
41.9054999,12.4698879
41.9055038,12.4698303
41.9054996,12.4697799
41.9055304,12.4697803
41.9055531,12.4697780
41.9055662,12.4697750
leisure_type: park
     
leisure id: 358627063
41.9050401,12.4696642
41.9049650,12.4694843
41.9049628,12.4694647
41.9049684,12.4694549
41.9049796,12.4694512
41.9051117,12.4695964
41.9051109,12.4696033
41.9051075,12.4696286
41.9051035,12.4696749
41.9051051,12.4697133
41.9051071,12.4697329
41.9051039,12.4697532
41.9050893,12.4697612
41.9050754,12.4697580
41.9050401,12.4696642
leisure_type: park
     
leisure id: 358627065
41.9054244,12.4695437
41.9054350,12.4695260
41.9054471,12.4695102
41.9054594,12.4694967
41.9054714,12.4694858
41.9053647,12.4692370
41.9053622,12.4692317
41.9053574,12.4692347
41.9053473,12.4694188
41.9053447,12.4694613
41.9053531,12.4694654
41.9053668,12.4694769
41.9053768,12.4694871
41.9053948,12.4695046
41.9054051,12.4695187
41.9054140,12.4695317
41.9054214,12.4695449
41.9054244,12.4695437
leisure_type: park
     
leisure id: 358627066
41.9051630,12.4700273
41.9052257,12.4702749
41.9052287,12.4702841
41.9052330,12.4702894
41.9052379,12.4702904
41.9052441,12.4702883
41.9052486,12.4702839
41.9052520,12.4702651
41.9052609,12.4700999
41.9052641,12.4700534
41.9052548,12.4700484
41.9052235,12.4700179
41.9051980,12.4699881
41.9051803,12.4699637
41.9051732,12.4699541
41.9051605,12.4699573
41.9051518,12.4699669
41.9051478,12.4699775
41.9051630,12.4700273
leisure_type: park
     
leisure id: 358627067
41.9053121,12.4691352
41.9052908,12.4694363
41.9052449,12.4694378
41.9052012,12.4694483
41.9051519,12.4694995
41.9051351,12.4695311
41.9049614,12.4693505
41.9049513,12.4693098
41.9049636,12.4692270
41.9049883,12.4691397
41.9050062,12.4691307
41.9050107,12.4691578
41.9050140,12.4692285
41.9050477,12.4692902
41.9050891,12.4693068
41.9051384,12.4693038
41.9051866,12.4692707
41.9052023,12.4692300
41.9052169,12.4691728
41.9052068,12.4691186
41.9051888,12.4690765
41.9051664,12.4690509
41.9051743,12.4690268
41.9052348,12.4690554
41.9052673,12.4690855
41.9052964,12.4691141
41.9053121,12.4691352
leisure_type: park
     
leisure id: 358627068
41.9048522,12.4692470
41.9048641,12.4692576
41.9048815,12.4692592
41.9048981,12.4692566
41.9049148,12.4692411
41.9049263,12.4692076
41.9049322,12.4691772
41.9049449,12.4691347
41.9049615,12.4690942
41.9049793,12.4690655
41.9049928,12.4690511
41.9050047,12.4690474
41.9050146,12.4690389
41.9050154,12.4690229
41.9049948,12.4689601
41.9049726,12.4688962
41.9048821,12.4689494
41.9048556,12.4689662
41.9048260,12.4689830
41.9048098,12.4689923
41.9048027,12.4689997
41.9047918,12.4690165
41.9047805,12.4690351
41.9047767,12.4690527
41.9047753,12.4690801
41.9047795,12.4691022
41.9048021,12.4691520
41.9048297,12.4692088
41.9048522,12.4692470
leisure_type: park
     
leisure id: 358627069
41.9052798,12.4705489
41.9053037,12.4707007
41.9053101,12.4707180
41.9053255,12.4707387
41.9053396,12.4707529
41.9053499,12.4707582
41.9053703,12.4707630
41.9053899,12.4707624
41.9054226,12.4707454
41.9054570,12.4707270
41.9054778,12.4707137
41.9055083,12.4706956
41.9055414,12.4706754
41.9055501,12.4706669
41.9055531,12.4706586
41.9055420,12.4706248
41.9055256,12.4705751
41.9055125,12.4705354
41.9054970,12.4705423
41.9054709,12.4705461
41.9054444,12.4705402
41.9054139,12.4705375
41.9053853,12.4705226
41.9053580,12.4705104
41.9053414,12.4704976
41.9053259,12.4704923
41.9053077,12.4704971
41.9052907,12.4705131
41.9052815,12.4705338
41.9052798,12.4705489
leisure_type: park
     
leisure id: 358627070
41.9050567,12.4688654
41.9050813,12.4689399
41.9050940,12.4689766
41.9051007,12.4689798
41.9051118,12.4689766
41.9051359,12.4689702
41.9051740,12.4689740
41.9052104,12.4689841
41.9052516,12.4690048
41.9052782,12.4690208
41.9052972,12.4690240
41.9053158,12.4690070
41.9053225,12.4689857
41.9053245,12.4689340
41.9053277,12.4688813
41.9053285,12.4688382
41.9053312,12.4688066
41.9053326,12.4687925
41.9053293,12.4687770
41.9053206,12.4687579
41.9053110,12.4687432
41.9052934,12.4687291
41.9052756,12.4687214
41.9052532,12.4687219
41.9052322,12.4687320
41.9052106,12.4687467
41.9050528,12.4688420
41.9050518,12.4688448
41.9050528,12.4688540
41.9050567,12.4688654
leisure_type: park
     
leisure id: 358627073
41.9056226,12.4705780
41.9055957,12.4705013
41.9055905,12.4704848
41.9056064,12.4704742
41.9056349,12.4704428
41.9056531,12.4704029
41.9056785,12.4703390
41.9056951,12.4702831
41.9057046,12.4702506
41.9057106,12.4702325
41.9057462,12.4702645
41.9057898,12.4703166
41.9058326,12.4703592
41.9058552,12.4703805
41.9058623,12.4703991
41.9058659,12.4704247
41.9058667,12.4704396
41.9058651,12.4704580
41.9058558,12.4704793
41.9058433,12.4704953
41.9058227,12.4705075
41.9057643,12.4705424
41.9057569,12.4705192
41.9057946,12.4704101
41.9057795,12.4703984
41.9057419,12.4705134
41.9057514,12.4705485
41.9056456,12.4706118
41.9056385,12.4706166
41.9056317,12.4706065
41.9056226,12.4705780
leisure_type: park
     
leisure id: 358627075
41.9056202,12.4703697
41.9056438,12.4702884
41.9056516,12.4702402
41.9056538,12.4701876
41.9056426,12.4701544
41.9056001,12.4701153
41.9055003,12.4700114
41.9054712,12.4699858
41.9054398,12.4700265
41.9054208,12.4700445
41.9053838,12.4700656
41.9053479,12.4700701
41.9053143,12.4700686
41.9052953,12.4703818
41.9053423,12.4704390
41.9053905,12.4704706
41.9054297,12.4704841
41.9054370,12.4704825
41.9054421,12.4704755
41.9054420,12.4704665
41.9054388,12.4704582
41.9054107,12.4704269
41.9053950,12.4703682
41.9054029,12.4702975
41.9054309,12.4702402
41.9054734,12.4702116
41.9055115,12.4702101
41.9055496,12.4702237
41.9055788,12.4702613
41.9055967,12.4703065
41.9056001,12.4703411
41.9055978,12.4703772
41.9056090,12.4703810
41.9056163,12.4703788
41.9056202,12.4703697
leisure_type: park
     
leisure id: 358627077
41.9053773,12.4689338
41.9053615,12.4691403
41.9055041,12.4694640
41.9055461,12.4694395
41.9053773,12.4689338
leisure_type: park
     
leisure id: 358627078
41.9055627,12.4695012
41.9055255,12.4695236
41.9055001,12.4695608
41.9054875,12.4696013
41.9054891,12.4696481
41.9055128,12.4696865
41.9055612,12.4696971
41.9055944,12.4696928
41.9056230,12.4696758
41.9055627,12.4695012
leisure_type: park
     
leisure id: 360007510
41.9099966,12.4709516
41.9099821,12.4709084
41.9099605,12.4708711
41.9099286,12.4708356
41.9098962,12.4708128
41.9098624,12.4708026
41.9098199,12.4708080
41.9097826,12.4708263
41.9097365,12.4708625
41.9096913,12.4709104
41.9096237,12.4710136
41.9096019,12.4710588
41.9095846,12.4711055
41.9095741,12.4711459
41.9095670,12.4711833
41.9095687,12.4712638
41.9095794,12.4713191
41.9096117,12.4714679
41.9098914,12.4713275
41.9099145,12.4713071
41.9099364,12.4712774
41.9099676,12.4712214
41.9099900,12.4711462
41.9100002,12.4710757
41.9100028,12.4710072
41.9099966,12.4709516
leisure_type: garden
     
leisure id: 365851563
41.8987761,12.4604644
41.8987797,12.4605074
41.8987788,12.4605396
41.8987690,12.4605802
41.8987566,12.4606220
41.8987352,12.4606555
41.8987077,12.4606639
41.8986863,12.4606483
41.8986775,12.4606209
41.8986792,12.4605802
41.8986855,12.4605098
41.8987059,12.4604488
41.8987219,12.4604238
41.8987379,12.4604142
41.8987566,12.4604166
41.8987681,12.4604357
41.8987761,12.4604644
leisure_type: swimming_pool
     
leisure id: 365851576
41.8978712,12.4631782
41.8978520,12.4631302
41.8978882,12.4631040
41.8979074,12.4631519
41.8978712,12.4631782
leisure_type: swimming_pool
     
leisure id: 365851582
41.8964130,12.4621810
41.8963717,12.4619832
41.8961288,12.4620748
41.8961702,12.4622726
41.8964130,12.4621810
leisure_type: pitch
     
leisure id: 365885038
41.9063634,12.4849885
41.9064118,12.4852681
41.9063151,12.4852983
41.9062667,12.4850187
41.9063634,12.4849885
leisure_type: pitch
     
leisure id: 365885039
41.9082722,12.4846983
41.9083534,12.4848394
41.9083610,12.4848315
41.9085531,12.4846317
41.9084719,12.4844907
41.9082722,12.4846983
leisure_type: pitch
     
leisure id: 423415318
41.9076403,12.4657156
41.9076787,12.4658507
41.9074930,12.4659459
41.9074547,12.4658108
41.9076403,12.4657156
leisure_type: pitch
     
leisure id: 464952695
41.9107296,12.4842336
41.9104979,12.4846517
41.9102658,12.4844195
41.9104975,12.4840014
41.9107296,12.4842336
leisure_type: pitch
     
leisure id: 464952696
41.9099192,12.4842262
41.9101136,12.4844183
41.9099066,12.4848376
41.9097196,12.4846696
41.9099192,12.4842262
leisure_type: pitch
     
leisure id: 477734216
41.8978815,12.4863229
41.8978943,12.4863851
41.8979363,12.4863716
41.8979588,12.4863642
41.8979554,12.4862522
41.8979254,12.4855989
41.8979237,12.4854825
41.8976965,12.4855354
41.8977297,12.4857200
41.8978638,12.4856734
41.8979008,12.4858653
41.8978653,12.4858776
41.8979008,12.4860617
41.8978378,12.4860836
41.8978562,12.4861815
41.8978815,12.4863229
leisure_type: garden
     
leisure id: 498598422
41.8995482,12.4874947
41.8990611,12.4881063
41.8997059,12.4891094
41.9002582,12.4885052
41.8995976,12.4875572
41.8995482,12.4874947
leisure_type: park
     
leisure id: 548387079
41.9083948,12.4851490
41.9083099,12.4851548
41.9083182,12.4853735
41.9084031,12.4853677
41.9083948,12.4851490
leisure_type: pitch
     
leisure id: 551190366
41.9112958,12.4802247
41.9112818,12.4802515
41.9112679,12.4802703
41.9112459,12.4802729
41.9112240,12.4802649
41.9112060,12.4802488
41.9111780,12.4801978
41.9111581,12.4801818
41.9111361,12.4801898
41.9111142,12.4802059
41.9111042,12.4802300
41.9110982,12.4802971
41.9110862,12.4803212
41.9110703,12.4803427
41.9110483,12.4803534
41.9110263,12.4803454
41.9109864,12.4802676
41.9109804,12.4802381
41.9109725,12.4801710
41.9109705,12.4801040
41.9109625,12.4800745
41.9109485,12.4800476
41.9109265,12.4800342
41.9108826,12.4800155
41.9108607,12.4800181
41.9108387,12.4800289
41.9108247,12.4800503
41.9108208,12.4800798
41.9108307,12.4801442
41.9108327,12.4801764
41.9108287,12.4802032
41.9107868,12.4802193
41.9107689,12.4802381
41.9107728,12.4802703
41.9107928,12.4803266
41.9108088,12.4803883
41.9108088,12.4804231
41.9107888,12.4804795
41.9106651,12.4805814
41.9106391,12.4805814
41.9106172,12.4805760
41.9105533,12.4805170
41.9105373,12.4804929
41.9105114,12.4803990
41.9104914,12.4803802
41.9104694,12.4803802
41.9104535,12.4804071
41.9104036,12.4804714
41.9103657,12.4805063
41.9103477,12.4805304
41.9103098,12.4805626
41.9102918,12.4805841
41.9102778,12.4806055
41.9102658,12.4806324
41.9102579,12.4806645
41.9102599,12.4806941
41.9102798,12.4807128
41.9103776,12.4807128
41.9103996,12.4807289
41.9104036,12.4807611
41.9103976,12.4807906
41.9104056,12.4808174
41.9104615,12.4808764
41.9104734,12.4809006
41.9104814,12.4809328
41.9104714,12.4809596
41.9104335,12.4809971
41.9104116,12.4810052
41.9103916,12.4810213
41.9103856,12.4810481
41.9103417,12.4811259
41.9103357,12.4811554
41.9103457,12.4811849
41.9103657,12.4811983
41.9103896,12.4812010
41.9104136,12.4811929
41.9104355,12.4811769
41.9105014,12.4811420
41.9105772,12.4811313
41.9106172,12.4810964
41.9107349,12.4810562
41.9107728,12.4810615
41.9107968,12.4811608
41.9108188,12.4811715
41.9108427,12.4811742
41.9108647,12.4811554
41.9108487,12.4810937
41.9108387,12.4810669
41.9108367,12.4810293
41.9108487,12.4809971
41.9108727,12.4809810
41.9108966,12.4809757
41.9109465,12.4809810
41.9109705,12.4809703
41.9110483,12.4808872
41.9110723,12.4808711
41.9110962,12.4808684
41.9111271,12.4808872
41.9111142,12.4806297
41.9110962,12.4806136
41.9110902,12.4805841
41.9111002,12.4805519
41.9111142,12.4805278
41.9111222,12.4804607
41.9111381,12.4804339
41.9111601,12.4804205
41.9112339,12.4804071
41.9112818,12.4803856
41.9113078,12.4803856
41.9113337,12.4803963
41.9112958,12.4802247
leisure_type: park
     
leisure id: 551190367
41.9124685,12.4805693
41.9125703,12.4805559
41.9126062,12.4805452
41.9126192,12.4805465
41.9126262,12.4805935
41.9126212,12.4806069
41.9126062,12.4806310
41.9125982,12.4806391
41.9125872,12.4806418
41.9125783,12.4806498
41.9125703,12.4806592
41.9125603,12.4806672
41.9125154,12.4806873
41.9124854,12.4807101
41.9124515,12.4807303
41.9124186,12.4807397
41.9123956,12.4807423
41.9123717,12.4807397
41.9123617,12.4807343
41.9123497,12.4807316
41.9123387,12.4807329
41.9122998,12.4807651
41.9121531,12.4808282
41.9120623,12.4808604
41.9120473,12.4808845
41.9120463,12.4809448
41.9120373,12.4809891
41.9120174,12.4810307
41.9120004,12.4810481
41.9119605,12.4810615
41.9119196,12.4810481
41.9119086,12.4810427
41.9118956,12.4810173
41.9118886,12.4809703
41.9118876,12.4809542
41.9118817,12.4809395
41.9118707,12.4809341
41.9118597,12.4809341
41.9118467,12.4809207
41.9118228,12.4809220
41.9117569,12.4809824
41.9116411,12.4810562
41.9116212,12.4810722
41.9116212,12.4810883
41.9116321,12.4811500
41.9116282,12.4811648
41.9116202,12.4811742
41.9115982,12.4811822
41.9115872,12.4811822
41.9115763,12.4811742
41.9115543,12.4811393
41.9115413,12.4811353
41.9115303,12.4811366
41.9115194,12.4811433
41.9114984,12.4811554
41.9114635,12.4811688
41.9114425,12.4811809
41.9114345,12.4811916
41.9114295,12.4812064
41.9114286,12.4812224
41.9114226,12.4812506
41.9114096,12.4812748
41.9113996,12.4812815
41.9113906,12.4812895
41.9113278,12.4813136
41.9113158,12.4813136
41.9112818,12.4812976
41.9112729,12.4812882
41.9112499,12.4812506
41.9112449,12.4812198
41.9112469,12.4811849
41.9112499,12.4811701
41.9112509,12.4811527
41.9112669,12.4811098
41.9112689,12.4810937
41.9112719,12.4810790
41.9112639,12.4810655
41.9112559,12.4810562
41.9112449,12.4810494
41.9112349,12.4810441
41.9112230,12.4810414
41.9112100,12.4810427
41.9111990,12.4810401
41.9111880,12.4810334
41.9111790,12.4810213
41.9111511,12.4809757
41.9111271,12.4808872
41.9111142,12.4806297
41.9111661,12.4806377
41.9112160,12.4806350
41.9112379,12.4806243
41.9112599,12.4806082
41.9113078,12.4805814
41.9113337,12.4805787
41.9113577,12.4805814
41.9113816,12.4805787
41.9114455,12.4805278
41.9114695,12.4805170
41.9115174,12.4805009
41.9115353,12.4804795
41.9115393,12.4804446
41.9115234,12.4804258
41.9115114,12.4803963
41.9114934,12.4803749
41.9114715,12.4803776
41.9114495,12.4803856
41.9114256,12.4803990
41.9113856,12.4804312
41.9113617,12.4804366
41.9113397,12.4804258
41.9113337,12.4803963
41.9112958,12.4802247
41.9112918,12.4801724
41.9112978,12.4801013
41.9113058,12.4800718
41.9113238,12.4800476
41.9113457,12.4800369
41.9113677,12.4800181
41.9113916,12.4800262
41.9114056,12.4800557
41.9114296,12.4801147
41.9114435,12.4801362
41.9114655,12.4801522
41.9114894,12.4801549
41.9115134,12.4801496
41.9115353,12.4801415
41.9115593,12.4801281
41.9116811,12.4800771
41.9117050,12.4800611
41.9117230,12.4800423
41.9117389,12.4800181
41.9117529,12.4799511
41.9117549,12.4799162
41.9117529,12.4798518
41.9117689,12.4798277
41.9117948,12.4798277
41.9118188,12.4798250
41.9118407,12.4798384
41.9118647,12.4798411
41.9118906,12.4798277
41.9119166,12.4798277
41.9119405,12.4798357
41.9119605,12.4798572
41.9119725,12.4798813
41.9119785,12.4799162
41.9119864,12.4799457
41.9120004,12.4799672
41.9120224,12.4799779
41.9120463,12.4799779
41.9121222,12.4800181
41.9121461,12.4800128
41.9121681,12.4799994
41.9121920,12.4799940
41.9122140,12.4799833
41.9122260,12.4799538
41.9122280,12.4799216
41.9122260,12.4798867
41.9122140,12.4798572
41.9121960,12.4798384
41.9121801,12.4798143
41.9121681,12.4797848
41.9121641,12.4797499
41.9121701,12.4797177
41.9121880,12.4796936
41.9122060,12.4796748
41.9122220,12.4796480
41.9122459,12.4796560
41.9122579,12.4796829
41.9122799,12.4796990
41.9123178,12.4796614
41.9123118,12.4796292
41.9122958,12.4796024
41.9122619,12.4795595
41.9122499,12.4795300
41.9122459,12.4794978
41.9122419,12.4794012
41.9122000,12.4792993
41.9122080,12.4792671
41.9122160,12.4792242
41.9122100,12.4791947
41.9122000,12.4791652
41.9121840,12.4791437
41.9121721,12.4791142
41.9121561,12.4790552
41.9121441,12.4790284
41.9121262,12.4790096
41.9121022,12.4790177
41.9120823,12.4790311
41.9120643,12.4790525
41.9120264,12.4790901
41.9120044,12.4791062
41.9119665,12.4791384
41.9119445,12.4791518
41.9119226,12.4791437
41.9119106,12.4791115
41.9119086,12.4790794
41.9119186,12.4790150
41.9119306,12.4789855
41.9119386,12.4789477
41.9119625,12.4789345
41.9119884,12.4789265
41.9120104,12.4789131
41.9120304,12.4788970
41.9120483,12.4788728
41.9121441,12.4788138
41.9121661,12.4788219
41.9121840,12.4788406
41.9122000,12.4788594
41.9122160,12.4788836
41.9122280,12.4789077
41.9122459,12.4789694
41.9122499,12.4789989
41.9122599,12.4790284
41.9122679,12.4790633
41.9122779,12.4790928
41.9122998,12.4791464
41.9123058,12.4791786
41.9123138,12.4792081
41.9123278,12.4792349
41.9123377,12.4792618
41.9123557,12.4793261
41.9123916,12.4794227
41.9124036,12.4794468
41.9124196,12.4794683
41.9124316,12.4794924
41.9124675,12.4795783
41.9124775,12.4796078
41.9124914,12.4796346
41.9125014,12.4796614
41.9125054,12.4796936
41.9125034,12.4797258
41.9124874,12.4797472
41.9124435,12.4797660
41.9123956,12.4797741
41.9123777,12.4797928
41.9123657,12.4798197
41.9123637,12.4798545
41.9123697,12.4798867
41.9123936,12.4799752
41.9124056,12.4800396
41.9124096,12.4801013
41.9124176,12.4801308
41.9124016,12.4801791
41.9123896,12.4802086
41.9123916,12.4802381
41.9123996,12.4802649
41.9124236,12.4803185
41.9124375,12.4803427
41.9124375,12.4803749
41.9124216,12.4803910
41.9123777,12.4803722
41.9123537,12.4803668
41.9123138,12.4803963
41.9121162,12.4804795
41.9118208,12.4806243
41.9117649,12.4806324
41.9117559,12.4806404
41.9117220,12.4807021
41.9117150,12.4807142
41.9117120,12.4807276
41.9117120,12.4807437
41.9117150,12.4807598
41.9117290,12.4807826
41.9117389,12.4807906
41.9117769,12.4807987
41.9117858,12.4808067
41.9118111,12.4808425
41.9122290,12.4806659
41.9124246,12.4805841
41.9124685,12.4805693
leisure_type: park
     
leisure id: 551190822
41.9120463,12.4788246
41.9120683,12.4787682
41.9120862,12.4787441
41.9120902,12.4787119
41.9120803,12.4786824
41.9120503,12.4786288
41.9120463,12.4785966
41.9120463,12.4784946
41.9120264,12.4784356
41.9120044,12.4784410
41.9119904,12.4784651
41.9119086,12.4785644
41.9118667,12.4785805
41.9118208,12.4785832
41.9117988,12.4785751
41.9117868,12.4785483
41.9117888,12.4785134
41.9118048,12.4784893
41.9118048,12.4784571
41.9118707,12.4784061
41.9118886,12.4783874
41.9118846,12.4783525
41.9118627,12.4783364
41.9118407,12.4783337
41.9118228,12.4783149
41.9118108,12.4782881
41.9117928,12.4782291
41.9117908,12.4781969
41.9117948,12.4781620
41.9118128,12.4780950
41.9118208,12.4780306
41.9117689,12.4779609
41.9117569,12.4779341
41.9117270,12.4778858
41.9117110,12.4778241
41.9117150,12.4777919
41.9117190,12.4777275
41.9117170,12.4776900
41.9116950,12.4776766
41.9116471,12.4776712
41.9116052,12.4776524
41.9115653,12.4776739
41.9115433,12.4776766
41.9115214,12.4776632
41.9115074,12.4776390
41.9114914,12.4775800
41.9114775,12.4775559
41.9114575,12.4775371
41.9114335,12.4775317
41.9114156,12.4775478
41.9114056,12.4775746
41.9113836,12.4776363
41.9113677,12.4776578
41.9113437,12.4776578
41.9113018,12.4776417
41.9112779,12.4776417
41.9112559,12.4776471
41.9112160,12.4776766
41.9111800,12.4777544
41.9111701,12.4778160
41.9111721,12.4778455
41.9111940,12.4778563
41.9112200,12.4778563
41.9112439,12.4778482
41.9113078,12.4778026
41.9113317,12.4777973
41.9113916,12.4778295
41.9114415,12.4779877
41.9114415,12.4780226
41.9114555,12.4781138
41.9114695,12.4781701
41.9114834,12.4781942
41.9115034,12.4782076
41.9115254,12.4781996
41.9115753,12.4781889
41.9116192,12.4781620
41.9116371,12.4781406
41.9116591,12.4781325
41.9116850,12.4781352
41.9116970,12.4781620
41.9116930,12.4781916
41.9116711,12.4782506
41.9116791,12.4782801
41.9117030,12.4782827
41.9117250,12.4782908
41.9117409,12.4783123
41.9117349,12.4783418
41.9117230,12.4783686
41.9117070,12.4783874
41.9116910,12.4784061
41.9116711,12.4784222
41.9116491,12.4784303
41.9116331,12.4784490
41.9116272,12.4784785
41.9116272,12.4785107
41.9116112,12.4785483
41.9115413,12.4785912
41.9115373,12.4786556
41.9115453,12.4786851
41.9115673,12.4787924
41.9115693,12.4789399
41.9115313,12.4790579
41.9114555,12.4791411
41.9113238,12.4792162
41.9112958,12.4792618
41.9112958,12.4792939
41.9113018,12.4793234
41.9113098,12.4793503
41.9113218,12.4793798
41.9113218,12.4794415
41.9113198,12.4795032
41.9113258,12.4795300
41.9113397,12.4795541
41.9113637,12.4795541
41.9113856,12.4795380
41.9114335,12.4795219
41.9114595,12.4795219
41.9114854,12.4795273
41.9115054,12.4795112
41.9115194,12.4794871
41.9115313,12.4794227
41.9115433,12.4793905
41.9115493,12.4793610
41.9115453,12.4793288
41.9115373,12.4792966
41.9115373,12.4792644
41.9115453,12.4791974
41.9115473,12.4791330
41.9115513,12.4791008
41.9115593,12.4790686
41.9115733,12.4790445
41.9115832,12.4790150
41.9115992,12.4789882
41.9116192,12.4789721
41.9116252,12.4789399
41.9116252,12.4789050
41.9116112,12.4788460
41.9116072,12.4787763
41.9116032,12.4787468
41.9115972,12.4786797
41.9115992,12.4786448
41.9116112,12.4786180
41.9116351,12.4786180
41.9116731,12.4786502
41.9116970,12.4786583
41.9117210,12.4786556
41.9117629,12.4786288
41.9118028,12.4786422
41.9118088,12.4786851
41.9117948,12.4787441
41.9117729,12.4787575
41.9117250,12.4788138
41.9117349,12.4788728
41.9117270,12.4789023
41.9117110,12.4789238
41.9117030,12.4789506
41.9117010,12.4789855
41.9117150,12.4790096
41.9117609,12.4790284
41.9118347,12.4790311
41.9118767,12.4789962
41.9118866,12.4789667
41.9118926,12.4788970
41.9119066,12.4788702
41.9119505,12.4788487
41.9119725,12.4788594
41.9119944,12.4788675
41.9120463,12.4788246
leisure_type: park
     
leisure id: 551190823
41.9120882,12.4797016
41.9121322,12.4796399
41.9121401,12.4796104
41.9121282,12.4794736
41.9121062,12.4794200
41.9121002,12.4793851
41.9121022,12.4793529
41.9120962,12.4793234
41.9120723,12.4793100
41.9120264,12.4793100
41.9119825,12.4792376
41.9119665,12.4792162
41.9119286,12.4791786
41.9119046,12.4791786
41.9118846,12.4791920
41.9118607,12.4791920
41.9118367,12.4791947
41.9118188,12.4792108
41.9118048,12.4792698
41.9118008,12.4792993
41.9117749,12.4793449
41.9117549,12.4793583
41.9117389,12.4793771
41.9117329,12.4794039
41.9117329,12.4794334
41.9117389,12.4794683
41.9117509,12.4794951
41.9117629,12.4795219
41.9117749,12.4795836
41.9117908,12.4796051
41.9118128,12.4796131
41.9118367,12.4796051
41.9118547,12.4795836
41.9119006,12.4795595
41.9119246,12.4795595
41.9119485,12.4795729
41.9119645,12.4795970
41.9119705,12.4796265
41.9119825,12.4796507
41.9120024,12.4796668
41.9120244,12.4796721
41.9120882,12.4797016
leisure_type: park
     
leisure id: 551191315
41.9106411,12.4792457
41.9106192,12.4792591
41.9105952,12.4792618
41.9105293,12.4792349
41.9105074,12.4792430
41.9104854,12.4792403
41.9104655,12.4792510
41.9104495,12.4792725
41.9103916,12.4793181
41.9103736,12.4793369
41.9103357,12.4793690
41.9103197,12.4793878
41.9103337,12.4794173
41.9103597,12.4794307
41.9104335,12.4794254
41.9104395,12.4794576
41.9104395,12.4794871
41.9104255,12.4795139
41.9104056,12.4795300
41.9103597,12.4795595
41.9103437,12.4795863
41.9103417,12.4796158
41.9103577,12.4796346
41.9103816,12.4796453
41.9104056,12.4796534
41.9104295,12.4796453
41.9104535,12.4796453
41.9104714,12.4796668
41.9105134,12.4797365
41.9105293,12.4797580
41.9105513,12.4797633
41.9105752,12.4797526
41.9105932,12.4797285
41.9105992,12.4796963
41.9106092,12.4796668
41.9106351,12.4796131
41.9106331,12.4795809
41.9106451,12.4795487
41.9106611,12.4795246
41.9106730,12.4794978
41.9106950,12.4794817
41.9107130,12.4794629
41.9106930,12.4794039
41.9106790,12.4793771
41.9106631,12.4792832
41.9106411,12.4792457
leisure_type: park
     
leisure id: 551193111
41.9104449,12.4785701
41.9104295,12.4785577
41.9104195,12.4785644
41.9104106,12.4785724
41.9103706,12.4786770
41.9103657,12.4787065
41.9103647,12.4787401
41.9103617,12.4787535
41.9103547,12.4787669
41.9103477,12.4787803
41.9103397,12.4787897
41.9102928,12.4788326
41.9102718,12.4788420
41.9102499,12.4788554
41.9102319,12.4788728
41.9100183,12.4792644
41.9098477,12.4795447
41.9098646,12.4795662
41.9104095,12.4789280
41.9104028,12.4788224
41.9104395,12.4787682
41.9104449,12.4785701
leisure_type: park
     
leisure id: 629823437
41.9012679,12.4878699
41.9012629,12.4878654
41.9012455,12.4878554
41.9012315,12.4878522
41.9012173,12.4878529
41.9012055,12.4878567
41.9011943,12.4878632
41.9011548,12.4878069
41.9012890,12.4876360
41.9013654,12.4877443
41.9012679,12.4878699
leisure_type: garden
     
leisure id: 629823438
41.9012869,12.4879912
41.9012930,12.4879722
41.9012959,12.4879519
41.9012953,12.4879299
41.9012883,12.4879019
41.9013877,12.4877744
41.9014633,12.4878825
41.9013287,12.4880524
41.9012869,12.4879912
leisure_type: garden
     
leisure id: 629823439
41.9011882,12.4882324
41.9011091,12.4881216
41.9011906,12.4880235
41.9012098,12.4880345
41.9012270,12.4880375
41.9012442,12.4880346
41.9012657,12.4880217
41.9013079,12.4880800
41.9011882,12.4882324
leisure_type: garden
     
leisure id: 629823440
41.9011685,12.4878958
41.9011615,12.4879159
41.9011588,12.4879318
41.9011581,12.4879481
41.9011629,12.4879789
41.9011688,12.4879945
41.9010907,12.4880942
41.9010142,12.4879859
41.9011292,12.4878395
41.9011685,12.4878958
leisure_type: garden
     
leisure id: 634760438
41.9046835,12.4750770
41.9046187,12.4750493
41.9045348,12.4750019
41.9044848,12.4752866
41.9045834,12.4752846
41.9046099,12.4752807
41.9046629,12.4752629
41.9047158,12.4752411
41.9047438,12.4752075
41.9047352,12.4751458
41.9047313,12.4751170
41.9047276,12.4750909
41.9046835,12.4750770
leisure_type: park
     
leisure id: 634768652
41.9045434,12.4760238
41.9045186,12.4763947
41.9042774,12.4765795
41.9042622,12.4765403
41.9042450,12.4765519
41.9042197,12.4764989
41.9041530,12.4763131
41.9042304,12.4762630
41.9042102,12.4762011
41.9043319,12.4760637
41.9044264,12.4759571
41.9045113,12.4759707
41.9045100,12.4760187
41.9045434,12.4760238
leisure_type: garden
     
leisure id: 665280017
41.9079431,12.4812812
41.9075910,12.4815166
41.9076722,12.4817359
41.9080243,12.4815006
41.9079431,12.4812812
leisure_type: pitch
     
leisure id: 665280018
41.9080938,12.4811528
41.9079900,12.4812053
41.9080696,12.4814898
41.9081735,12.4814373
41.9080938,12.4811528
leisure_type: pitch
     
leisure id: 670200897
41.9030807,12.4760322
41.9030046,12.4758389
41.9026974,12.4757964
41.9026998,12.4760828
41.9029811,12.4761354
41.9029945,12.4760713
41.9030807,12.4760322
leisure_type: garden
     
leisure id: 713646678
41.9115609,12.4883405
41.9115350,12.4883214
41.9115355,12.4883043
41.9114770,12.4882195
41.9114531,12.4882141
41.9114215,12.4882373
41.9113839,12.4882756
41.9113584,12.4883276
41.9113015,12.4886017
41.9113050,12.4886393
41.9113299,12.4886735
41.9114017,12.4887207
41.9114653,12.4886906
41.9114928,12.4886345
41.9115268,12.4884752
41.9115609,12.4883405
leisure_type: playground
