     
nature id: 22797948
41.9103084,12.4716054
41.9103032,12.4715854
41.9107245,12.4713803
41.9112884,12.4711241
41.9115609,12.4710115
41.9118500,12.4709014
41.9122757,12.4707637
41.9124049,12.4707164
41.9125568,12.4706716
41.9127814,12.4706600
41.9130638,12.4705850
41.9132079,12.4705448
41.9133292,12.4704754
41.9134615,12.4704528
41.9137767,12.4713762
41.9133663,12.4714972
41.9126812,12.4717221
41.9123540,12.4717202
41.9118793,12.4719221
41.9117143,12.4720001
41.9116006,12.4720610
41.9111096,12.4722887
41.9105233,12.4725368
41.9103084,12.4716054
nature_type: water
     
nature id: 52332687
41.8990292,12.4731299
41.8990343,12.4731155
41.8990379,12.4730992
41.8990385,12.4730889
41.8990384,12.4730790
41.8990372,12.4730653
41.8990353,12.4730558
41.8990325,12.4730465
41.8990261,12.4730339
41.8990197,12.4730232
41.8990117,12.4730131
41.8989989,12.4730028
41.8989812,12.4729936
41.8989632,12.4729894
41.8989473,12.4729887
41.8989334,12.4729907
41.8989170,12.4729970
41.8988998,12.4730100
41.8988908,12.4730214
41.8988825,12.4730357
41.8988746,12.4730532
41.8988699,12.4730729
41.8988687,12.4730854
41.8988697,12.4731002
41.8988715,12.4731168
41.8988759,12.4731323
41.8988838,12.4731476
41.8988912,12.4731566
41.8988982,12.4731644
41.8989079,12.4731716
41.8989176,12.4731760
41.8989319,12.4731797
41.8989437,12.4731811
41.8989586,12.4731803
41.8989689,12.4731791
41.8989799,12.4731767
41.8989951,12.4731691
41.8990097,12.4731570
41.8990200,12.4731459
41.8990292,12.4731299
nature_type: water
     
nature id: 111672183
41.8979932,12.4687371
41.8979482,12.4688680
41.8979956,12.4688974
41.8980406,12.4687665
41.8979932,12.4687371
nature_type: water
     
nature id: 112795345
41.8991577,12.4867205
41.8991593,12.4867004
41.8991560,12.4866807
41.8991482,12.4866634
41.8991367,12.4866503
41.8991228,12.4866428
41.8991077,12.4866416
41.8990932,12.4866469
41.8990807,12.4866581
41.8990715,12.4866741
41.8990664,12.4866941
41.8990665,12.4867152
41.8990719,12.4867350
41.8990818,12.4867514
41.8990952,12.4867624
41.8991105,12.4867669
41.8991261,12.4867642
41.8991402,12.4867548
41.8991511,12.4867397
41.8991577,12.4867205
nature_type: water
     
nature id: 113005081
41.9108487,12.4772377
41.9108473,12.4772116
41.9108513,12.4771856
41.9108593,12.4771611
41.9108761,12.4771351
41.9108987,12.4771231
41.9109198,12.4771191
41.9109363,12.4771237
41.9109507,12.4771304
41.9109632,12.4771411
41.9109793,12.4771650
41.9109860,12.4771773
41.9109573,12.4772015
41.9109454,12.4772111
41.9109262,12.4772206
41.9109043,12.4772278
41.9108823,12.4772349
41.9108487,12.4772377
nature_type: water
     
nature id: 126074027
41.8989090,12.4688753
41.8989061,12.4688694
41.8989051,12.4688626
41.8989060,12.4688561
41.8989090,12.4688499
41.8989135,12.4688460
41.8989184,12.4688447
41.8989234,12.4688460
41.8989278,12.4688500
41.8989315,12.4688592
41.8989308,12.4688691
41.8989279,12.4688752
41.8989235,12.4688791
41.8989184,12.4688805
41.8989133,12.4688791
41.8989090,12.4688753
nature_type: water
     
nature id: 127942293
41.8984227,12.4653439
41.8984215,12.4653393
41.8984216,12.4653346
41.8984231,12.4653302
41.8984258,12.4653269
41.8984284,12.4653254
41.8984327,12.4653255
41.8984360,12.4653275
41.8984384,12.4653310
41.8984397,12.4653358
41.8984395,12.4653403
41.8984380,12.4653448
41.8984354,12.4653480
41.8984324,12.4653496
41.8984288,12.4653496
41.8984254,12.4653476
41.8984227,12.4653439
nature_type: water
     
nature id: 127942303
41.8983054,12.4653162
41.8983041,12.4653116
41.8983043,12.4653069
41.8983058,12.4653025
41.8983085,12.4652992
41.8983111,12.4652977
41.8983154,12.4652978
41.8983187,12.4652998
41.8983211,12.4653033
41.8983224,12.4653081
41.8983222,12.4653127
41.8983207,12.4653171
41.8983181,12.4653203
41.8983151,12.4653219
41.8983115,12.4653219
41.8983081,12.4653200
41.8983054,12.4653162
nature_type: water
     
nature id: 127942309
41.8983787,12.4652507
41.8983775,12.4652461
41.8983777,12.4652413
41.8983791,12.4652370
41.8983818,12.4652337
41.8983845,12.4652322
41.8983888,12.4652322
41.8983920,12.4652342
41.8983944,12.4652378
41.8983957,12.4652425
41.8983956,12.4652471
41.8983941,12.4652515
41.8983914,12.4652548
41.8983884,12.4652564
41.8983848,12.4652564
41.8983814,12.4652544
41.8983787,12.4652507
nature_type: water
     
nature id: 127942313
41.8983493,12.4654095
41.8983481,12.4654049
41.8983483,12.4654001
41.8983497,12.4653958
41.8983524,12.4653925
41.8983551,12.4653910
41.8983594,12.4653910
41.8983626,12.4653930
41.8983650,12.4653966
41.8983663,12.4654013
41.8983662,12.4654059
41.8983646,12.4654103
41.8983620,12.4654136
41.8983590,12.4654152
41.8983554,12.4654151
41.8983520,12.4654132
41.8983493,12.4654095
nature_type: water
     
nature id: 128573104
41.9005756,12.4643608
41.9006017,12.4643422
41.9006469,12.4643392
41.9006990,12.4643504
41.9007406,12.4643723
41.9007839,12.4643952
41.9007976,12.4644122
41.9008104,12.4644541
41.9008141,12.4644850
41.9008107,12.4645299
41.9008026,12.4645641
41.9007757,12.4646003
41.9006538,12.4644420
41.9005756,12.4643608
nature_type: wetland
     
nature id: 128573108
41.8963708,12.4662986
41.8963869,12.4662628
41.8964020,12.4662343
41.8964182,12.4662036
41.8964365,12.4661791
41.8964647,12.4661575
41.8964870,12.4661384
41.8965105,12.4661146
41.8965333,12.4660864
41.8965672,12.4660420
41.8965933,12.4659966
41.8966221,12.4659518
41.8966601,12.4659111
41.8967033,12.4658695
41.8967482,12.4658385
41.8967911,12.4658042
41.8968284,12.4657645
41.8968580,12.4657337
41.8968857,12.4657010
41.8969242,12.4656703
41.8969466,12.4656515
41.8969719,12.4656516
41.8968097,12.4657935
41.8967409,12.4658574
41.8966266,12.4659738
41.8963886,12.4662792
41.8963708,12.4662986
nature_type: wetland
     
nature id: 128573115
41.9011570,12.4652411
41.9012041,12.4653502
41.9012264,12.4653942
41.9012517,12.4654392
41.9012827,12.4654709
41.9013150,12.4655045
41.9013423,12.4655516
41.9013728,12.4656198
41.9013843,12.4657188
41.9013854,12.4657961
41.9013950,12.4658958
41.9014164,12.4659929
41.9014126,12.4660385
41.9014037,12.4660760
41.9013903,12.4661059
41.9013765,12.4661374
41.9013711,12.4661956
41.9013783,12.4662368
41.9014034,12.4662892
41.9014078,12.4663700
41.9013984,12.4664099
41.9013722,12.4664161
41.9013698,12.4663768
41.9013474,12.4660725
41.9013172,12.4658488
41.9013064,12.4657204
41.9013148,12.4656558
41.9013080,12.4655882
41.9012806,12.4655340
41.9012343,12.4654741
41.9011570,12.4652411
nature_type: wetland
     
nature id: 128573116
41.9014576,12.4670103
41.9014608,12.4670555
41.9014719,12.4670912
41.9014794,12.4671281
41.9014835,12.4671656
41.9014940,12.4672052
41.9015109,12.4672429
41.9015248,12.4672855
41.9015360,12.4673316
41.9015493,12.4673614
41.9015582,12.4673970
41.9015600,12.4674367
41.9015638,12.4674686
41.9015772,12.4675174
41.9015889,12.4675577
41.9015945,12.4676032
41.9016060,12.4676905
41.9016060,12.4677565
41.9016042,12.4678062
41.9015834,12.4676556
41.9014368,12.4671527
41.9014098,12.4670316
41.9013905,12.4668244
41.9013875,12.4666433
41.9013808,12.4665523
41.9014401,12.4665472
41.9014946,12.4665424
41.9015026,12.4665856
41.9015250,12.4666159
41.9015046,12.4666527
41.9014889,12.4666950
41.9014800,12.4667324
41.9014752,12.4667783
41.9014697,12.4668214
41.9014606,12.4668606
41.9014576,12.4669004
41.9014575,12.4669526
41.9014576,12.4670103
nature_type: wetland
     
nature id: 128573119
41.9015019,12.4640588
41.9014780,12.4640962
41.9014733,12.4641492
41.9014895,12.4641853
41.9015371,12.4642244
41.9015908,12.4642663
41.9016248,12.4643228
41.9016471,12.4643902
41.9016588,12.4644605
41.9016713,12.4645400
41.9016920,12.4645953
41.9017243,12.4646537
41.9017738,12.4646769
41.9018309,12.4647232
41.9018799,12.4647835
41.9019120,12.4648697
41.9019325,12.4649359
41.9019408,12.4650083
41.9019473,12.4650932
41.9019613,12.4651519
41.9019762,12.4651894
41.9019946,12.4652253
41.9020173,12.4652691
41.9020319,12.4653092
41.9020449,12.4653742
41.9020480,12.4654494
41.9020561,12.4655015
41.9020700,12.4655402
41.9020952,12.4655906
41.9021107,12.4656304
41.9021204,12.4656804
41.9021289,12.4657467
41.9021442,12.4658142
41.9021650,12.4658672
41.9021852,12.4659064
41.9022052,12.4659301
41.9022245,12.4659561
41.9022431,12.4659948
41.9022446,12.4660400
41.9022365,12.4660803
41.9022297,12.4661119
41.9022237,12.4661402
41.9022275,12.4661768
41.9022359,12.4662099
41.9022567,12.4662458
41.9022745,12.4662757
41.9022912,12.4663057
41.9023154,12.4663267
41.9023416,12.4663406
41.9023437,12.4663135
41.9023528,12.4661965
41.9023339,12.4660453
41.9023158,12.4659767
41.9022869,12.4659036
41.9022481,12.4658256
41.9022114,12.4657649
41.9021682,12.4656722
41.9021250,12.4655608
41.9021051,12.4654958
41.9020914,12.4654085
41.9020937,12.4653185
41.9020874,12.4652471
41.9020680,12.4651169
41.9020424,12.4649566
41.9019784,12.4648139
41.9018845,12.4646358
41.9015210,12.4640835
41.9015019,12.4640588
nature_type: wetland
     
nature id: 128573124
41.9023183,12.4664705
41.9022695,12.4664748
41.9022640,12.4665126
41.9022358,12.4665685
41.9022283,12.4666088
41.9022238,12.4666519
41.9022313,12.4667534
41.9022543,12.4668564
41.9022646,12.4669222
41.9022631,12.4669747
41.9022541,12.4670186
41.9022466,12.4670717
41.9022518,12.4671176
41.9022636,12.4671748
41.9022769,12.4672393
41.9022809,12.4673056
41.9022839,12.4673734
41.9022858,12.4674438
41.9022814,12.4675125
41.9022760,12.4675697
41.9022755,12.4676229
41.9022787,12.4676790
41.9022885,12.4677347
41.9023075,12.4678016
41.9023254,12.4678555
41.9023456,12.4679399
41.9023556,12.4679938
41.9023591,12.4680555
41.9023661,12.4681449
41.9023672,12.4682217
41.9023643,12.4682861
41.9023689,12.4683472
41.9023797,12.4683829
41.9023954,12.4684241
41.9024062,12.4684841
41.9024043,12.4685386
41.9023982,12.4686020
41.9023895,12.4686508
41.9023873,12.4687089
41.9023931,12.4687816
41.9024164,12.4688866
41.9024318,12.4689425
41.9024509,12.4689956
41.9024713,12.4690567
41.9024808,12.4691146
41.9024807,12.4691644
41.9025085,12.4691612
41.9024437,12.4685274
41.9023543,12.4676918
41.9023580,12.4674818
41.9022881,12.4669023
41.9022654,12.4667444
41.9022649,12.4666290
41.9022755,12.4665679
41.9022950,12.4665227
41.9023183,12.4664705
nature_type: wetland
     
nature id: 128573129
41.8989462,12.4631393
41.8989687,12.4631458
41.8989934,12.4631467
41.8990238,12.4631411
41.8990419,12.4631342
41.8990626,12.4631133
41.8990776,12.4630938
41.8990825,12.4630585
41.8990401,12.4630759
41.8989270,12.4631294
41.8989462,12.4631393
nature_type: wetland
     
nature id: 130714837
41.9031116,12.4747646
41.9031035,12.4747412
41.9031106,12.4747164
41.9031311,12.4747059
41.9031466,12.4747159
41.9031540,12.4747402
41.9031482,12.4747605
41.9031270,12.4747718
41.9031116,12.4747646
nature_type: water
     
nature id: 131235552
41.9009101,12.4831383
41.9008869,12.4831499
41.9008716,12.4831720
41.9008661,12.4831850
41.9008605,12.4832134
41.9008626,12.4832431
41.9009162,12.4834425
41.9009315,12.4834749
41.9009473,12.4834905
41.9009659,12.4834989
41.9009829,12.4834985
41.9010061,12.4834870
41.9010096,12.4835025
41.9010515,12.4834824
41.9010544,12.4834835
41.9010581,12.4834836
41.9010625,12.4834805
41.9010651,12.4834768
41.9010674,12.4834719
41.9010710,12.4834674
41.9010762,12.4834639
41.9010823,12.4834632
41.9010883,12.4834635
41.9010954,12.4834655
41.9011014,12.4834655
41.9011072,12.4834650
41.9011114,12.4834632
41.9011146,12.4834601
41.9011170,12.4834539
41.9011154,12.4834483
41.9011109,12.4834464
41.9011074,12.4834433
41.9011038,12.4834390
41.9011012,12.4834370
41.9010822,12.4834371
41.9010768,12.4834385
41.9010733,12.4834381
41.9010683,12.4834363
41.9010643,12.4834375
41.9010591,12.4834444
41.9010522,12.4834505
41.9010437,12.4834528
41.9010346,12.4834528
41.9010335,12.4834505
41.9010314,12.4834435
41.9010304,12.4834370
41.9010304,12.4834296
41.9010251,12.4834316
41.9010208,12.4834365
41.9010153,12.4834413
41.9010098,12.4834375
41.9010061,12.4834310
41.9010041,12.4834232
41.9009951,12.4834118
41.9009879,12.4834001
41.9009842,12.4833960
41.9009868,12.4833934
41.9009935,12.4833960
41.9009848,12.4833790
41.9009791,12.4833638
41.9009819,12.4833585
41.9009857,12.4833580
41.9009914,12.4833601
41.9009963,12.4833575
41.9009992,12.4833506
41.9010011,12.4833392
41.9010051,12.4833329
41.9009952,12.4833305
41.9009902,12.4833263
41.9009820,12.4833164
41.9009765,12.4833085
41.9009723,12.4832995
41.9009716,12.4832877
41.9009759,12.4832741
41.9009819,12.4832592
41.9009823,12.4832506
41.9009798,12.4832420
41.9009763,12.4832382
41.9009730,12.4832451
41.9009679,12.4832454
41.9009632,12.4832408
41.9009624,12.4832309
41.9009616,12.4832259
41.9009561,12.4832236
41.9009512,12.4832189
41.9009506,12.4832117
41.9009532,12.4832054
41.9009572,12.4831984
41.9009584,12.4831882
41.9009588,12.4831798
41.9009554,12.4831699
41.9009509,12.4831608
41.9009473,12.4831507
41.9009484,12.4831412
41.9009528,12.4831383
41.9009613,12.4831382
41.9009689,12.4831386
41.9009738,12.4831393
41.9009780,12.4831436
41.9009808,12.4831487
41.9009836,12.4831493
41.9009850,12.4831537
41.9009870,12.4831516
41.9009903,12.4831503
41.9009942,12.4831534
41.9009958,12.4831577
41.9009957,12.4831634
41.9009971,12.4831616
41.9009989,12.4831583
41.9010027,12.4831559
41.9010061,12.4831578
41.9010069,12.4831639
41.9010097,12.4831658
41.9010141,12.4831664
41.9010138,12.4831608
41.9010120,12.4831560
41.9010118,12.4831513
41.9010114,12.4831443
41.9010086,12.4831383
41.9010056,12.4831365
41.9010039,12.4831339
41.9010025,12.4831301
41.9010052,12.4831266
41.9010078,12.4831257
41.9010098,12.4831233
41.9010125,12.4831209
41.9010144,12.4831172
41.9010164,12.4831145
41.9010235,12.4831125
41.9010261,12.4831102
41.9010245,12.4831042
41.9010215,12.4831007
41.9010181,12.4830987
41.9010146,12.4830975
41.9010112,12.4830973
41.9010075,12.4830949
41.9010046,12.4830903
41.9010022,12.4830847
41.9009997,12.4830822
41.9009968,12.4830813
41.9009935,12.4830820
41.9009903,12.4830844
41.9009866,12.4830904
41.9009843,12.4830916
41.9009812,12.4830919
41.9009761,12.4830878
41.9009720,12.4830879
41.9009697,12.4830914
41.9009698,12.4830963
41.9009732,12.4831012
41.9009745,12.4831069
41.9009712,12.4831128
41.9009668,12.4831191
41.9009610,12.4831212
41.9009523,12.4831175
41.9009451,12.4831140
41.9009396,12.4831067
41.9009069,12.4831224
41.9009101,12.4831383
nature_type: water
     
nature id: 152146169
41.8984272,12.4859934
41.8984202,12.4859828
41.8984196,12.4859689
41.8984084,12.4859571
41.8983929,12.4859612
41.8983811,12.4859550
41.8983674,12.4859677
41.8983641,12.4859811
41.8983562,12.4859925
41.8983568,12.4860076
41.8983647,12.4860194
41.8983662,12.4860325
41.8983778,12.4860423
41.8983911,12.4860382
41.8984041,12.4860455
41.8984187,12.4860337
41.8984193,12.4860198
41.8984275,12.4860097
41.8984272,12.4859934
nature_type: water
     
nature id: 201293301
41.9050349,12.4752618
41.9050245,12.4753989
41.9051220,12.4754122
41.9051324,12.4752751
41.9050349,12.4752618
nature_type: water
     
nature id: 201401355
41.9115479,12.4796502
41.9115425,12.4796330
41.9115333,12.4796191
41.9115212,12.4796099
41.9115076,12.4796065
41.9114938,12.4796093
41.9114815,12.4796179
41.9114719,12.4796314
41.9114661,12.4796483
41.9114648,12.4796669
41.9114679,12.4796850
41.9114753,12.4797008
41.9114861,12.4797125
41.9114992,12.4797189
41.9115131,12.4797192
41.9115263,12.4797135
41.9115374,12.4797023
41.9115452,12.4796868
41.9115488,12.4796688
41.9115479,12.4796502
nature_type: water
     
nature id: 201412681
41.8986729,12.4874299
41.8986649,12.4874324
41.8986563,12.4874299
41.8986460,12.4874180
41.8986456,12.4873939
41.8986554,12.4873793
41.8986643,12.4873766
41.8986727,12.4873788
41.8986829,12.4873917
41.8986836,12.4874152
41.8986729,12.4874299
nature_type: water
     
nature id: 201463563
41.8966741,12.4876647
41.8966689,12.4876556
41.8966666,12.4876438
41.8966679,12.4876319
41.8966723,12.4876221
41.8966781,12.4876159
41.8966877,12.4876124
41.8966965,12.4876142
41.8967036,12.4876200
41.8967085,12.4876283
41.8967110,12.4876402
41.8967094,12.4876533
41.8967056,12.4876618
41.8966987,12.4876689
41.8966904,12.4876721
41.8966808,12.4876702
41.8966741,12.4876647
nature_type: water
     
nature id: 201608823
41.9105697,12.4754501
41.9105734,12.4754689
41.9105744,12.4754883
41.9105697,12.4755220
41.9105577,12.4755512
41.9105417,12.4755717
41.9105201,12.4755865
41.9104972,12.4755916
41.9104742,12.4755876
41.9104522,12.4755740
41.9104332,12.4755499
41.9104208,12.4755176
41.9104564,12.4754916
41.9104766,12.4754817
41.9104968,12.4754718
41.9105163,12.4754655
41.9105357,12.4754593
41.9105697,12.4754501
nature_type: water
     
nature id: 201724015
41.9013682,12.4836506
41.9013639,12.4836365
41.9013632,12.4836321
41.9013635,12.4836278
41.9013648,12.4836238
41.9013669,12.4836206
41.9013697,12.4836182
41.9013803,12.4836125
41.9013835,12.4836116
41.9013867,12.4836120
41.9013897,12.4836137
41.9013921,12.4836165
41.9013938,12.4836203
41.9013981,12.4836345
41.9013988,12.4836389
41.9013985,12.4836432
41.9013973,12.4836471
41.9013952,12.4836504
41.9013923,12.4836527
41.9013818,12.4836584
41.9013785,12.4836594
41.9013753,12.4836590
41.9013724,12.4836573
41.9013699,12.4836545
41.9013682,12.4836506
nature_type: water
     
nature id: 201735344
41.9009401,12.4803018
41.9009400,12.4803017
41.9009398,12.4802991
41.9009402,12.4802967
41.9009411,12.4802946
41.9009424,12.4802928
41.9009441,12.4802917
41.9009503,12.4802894
41.9009520,12.4802883
41.9009534,12.4802866
41.9009542,12.4802844
41.9009546,12.4802820
41.9009544,12.4802794
41.9009477,12.4802482
41.9009469,12.4802459
41.9009456,12.4802441
41.9009440,12.4802429
41.9009422,12.4802424
41.9009403,12.4802427
41.9009341,12.4802451
41.9009322,12.4802454
41.9009304,12.4802449
41.9009288,12.4802437
41.9009275,12.4802419
41.9009267,12.4802396
41.9009267,12.4802394
41.9009259,12.4802371
41.9009246,12.4802353
41.9009230,12.4802341
41.9009212,12.4802336
41.9009193,12.4802339
41.9008932,12.4802440
41.9008914,12.4802451
41.9008901,12.4802468
41.9008892,12.4802490
41.9008888,12.4802514
41.9008891,12.4802540
41.9008891,12.4802541
41.9008893,12.4802566
41.9008890,12.4802591
41.9008881,12.4802612
41.9008867,12.4802629
41.9008850,12.4802640
41.9008789,12.4802664
41.9008771,12.4802675
41.9008758,12.4802692
41.9008749,12.4802714
41.9008745,12.4802738
41.9008748,12.4802764
41.9008814,12.4803076
41.9008823,12.4803099
41.9008835,12.4803117
41.9008851,12.4803129
41.9008869,12.4803134
41.9008889,12.4803131
41.9008950,12.4803107
41.9008969,12.4803104
41.9008987,12.4803109
41.9009003,12.4803121
41.9009016,12.4803139
41.9009024,12.4803162
41.9009024,12.4803164
41.9009033,12.4803187
41.9009045,12.4803205
41.9009061,12.4803217
41.9009079,12.4803222
41.9009099,12.4803219
41.9009360,12.4803118
41.9009377,12.4803107
41.9009390,12.4803090
41.9009399,12.4803068
41.9009403,12.4803044
41.9009401,12.4803018
nature_type: water
     
nature id: 217210959
41.9094101,12.4644138
41.9094223,12.4644309
41.9094299,12.4644523
41.9094322,12.4644758
41.9094289,12.4644991
41.9094203,12.4645198
41.9094073,12.4645359
41.9093912,12.4645457
41.9093737,12.4645482
41.9093564,12.4645433
41.9093412,12.4645313
41.9093306,12.4645158
41.9093237,12.4644970
41.9093209,12.4644763
41.9093225,12.4644554
41.9093284,12.4644359
41.9093381,12.4644194
41.9093508,12.4644071
41.9093655,12.4644001
41.9093812,12.4643989
41.9093964,12.4644036
41.9094101,12.4644138
nature_type: water
     
nature id: 219120595
41.8967898,12.4877207
41.8967925,12.4877249
41.8967922,12.4877305
41.8967931,12.4877343
41.8967902,12.4877355
41.8967871,12.4877391
41.8967830,12.4877386
41.8967801,12.4877399
41.8967792,12.4877360
41.8967766,12.4877318
41.8967769,12.4877263
41.8967760,12.4877225
41.8967788,12.4877212
41.8967820,12.4877177
41.8967861,12.4877181
41.8967889,12.4877169
41.8967898,12.4877207
nature_type: water
     
nature id: 219120596
41.8968253,12.4879336
41.8968280,12.4879378
41.8968276,12.4879434
41.8968285,12.4879472
41.8968257,12.4879484
41.8968226,12.4879520
41.8968185,12.4879515
41.8968156,12.4879528
41.8968147,12.4879489
41.8968120,12.4879447
41.8968124,12.4879392
41.8968115,12.4879354
41.8968143,12.4879341
41.8968174,12.4879306
41.8968216,12.4879310
41.8968244,12.4879298
41.8968253,12.4879336
nature_type: water
     
nature id: 323705796
41.8999890,12.4885269
41.9000209,12.4885376
41.9000369,12.4885429
41.9000489,12.4885429
41.9000609,12.4885349
41.9000729,12.4885188
41.9000729,12.4884973
41.9000669,12.4884759
41.9000469,12.4884678
41.9000189,12.4884732
41.8999990,12.4884678
41.8999970,12.4884491
41.8999850,12.4884330
41.8999630,12.4884249
41.8999491,12.4884249
41.8999371,12.4884276
41.8999291,12.4884437
41.8999291,12.4884678
41.8999231,12.4884839
41.8999111,12.4885000
41.8998972,12.4885161
41.8998912,12.4885403
41.8998912,12.4885590
41.8998952,12.4885832
41.8999071,12.4885966
41.8999271,12.4885993
41.8999511,12.4885671
41.8999690,12.4885376
41.8999890,12.4885269
nature_type: water
     
nature id: 365885037
41.9071325,12.4834693
41.9080020,12.4831338
nature_type: tree_row
     
nature id: 460536134
41.9071006,12.4833435
41.9079701,12.4830080
nature_type: tree_row
     
nature id: 539541136
41.9088590,12.4832125
41.9088669,12.4831994
41.9088711,12.4831834
41.9088710,12.4831665
41.9088666,12.4831506
41.9088593,12.4831385
41.9088496,12.4831300
41.9088384,12.4831260
41.9088268,12.4831270
41.9088160,12.4831327
41.9088071,12.4831426
41.9088009,12.4831558
41.9087980,12.4831709
41.9087988,12.4831865
41.9088037,12.4832021
41.9088123,12.4832145
41.9088234,12.4832224
41.9088359,12.4832248
41.9088482,12.4832214
41.9088590,12.4832125
nature_type: water
     
nature id: 549259846
41.8965959,12.4743285
41.8965894,12.4743380
41.8965897,12.4743696
41.8965965,12.4743807
41.8965967,12.4744030
41.8966165,12.4744021
41.8966241,12.4744105
41.8966445,12.4744100
41.8966534,12.4744022
41.8966719,12.4744018
41.8966717,12.4743757
41.8966779,12.4743681
41.8966776,12.4743365
41.8966712,12.4743263
41.8966710,12.4742992
41.8966509,12.4742995
41.8966430,12.4742920
41.8966227,12.4742924
41.8966157,12.4743002
41.8965956,12.4743006
41.8965959,12.4743285
nature_type: water
     
nature id: 551337662
41.8985174,12.4747408
41.8985207,12.4747501
41.8985260,12.4747576
41.8985328,12.4747624
41.8985403,12.4747640
41.8985479,12.4747624
41.8985547,12.4747576
41.8985600,12.4747501
41.8985632,12.4747408
41.8985641,12.4747305
41.8985625,12.4747205
41.8985589,12.4747120
41.8985536,12.4747055
41.8985470,12.4747013
41.8985399,12.4747000
41.8985327,12.4747017
41.8985263,12.4747062
41.8985212,12.4747130
41.8985178,12.4747216
41.8985165,12.4747312
41.8985174,12.4747408
nature_type: water
     
nature id: 551339442
41.8993908,12.4767395
41.8993924,12.4767348
41.8993928,12.4767296
41.8993919,12.4767245
41.8993898,12.4767200
41.8993868,12.4767167
41.8993830,12.4767149
41.8993788,12.4767148
41.8993810,12.4767270
41.8993814,12.4767360
41.8993813,12.4767413
41.8993810,12.4767442
41.8993808,12.4767467
41.8993847,12.4767458
41.8993882,12.4767433
41.8993908,12.4767395
nature_type: water
     
nature id: 551345102
41.9005281,12.4707882
41.9005347,12.4707926
41.9005420,12.4707939
41.9005493,12.4707920
41.9005557,12.4707871
41.9005605,12.4707797
41.9005634,12.4707705
41.9005639,12.4707607
41.9005620,12.4707509
41.9005577,12.4707425
41.9005517,12.4707365
41.9005446,12.4707334
41.9005370,12.4707337
41.9005300,12.4707372
41.9005242,12.4707437
41.9005203,12.4707523
41.9005188,12.4707622
41.9005197,12.4707723
41.9005229,12.4707811
41.9005281,12.4707882
nature_type: water
     
nature id: 551346066
41.9045985,12.4751787
41.9046055,12.4751850
41.9046137,12.4751878
41.9046221,12.4751867
41.9046297,12.4751819
41.9046357,12.4751739
41.9046393,12.4751636
41.9046402,12.4751524
41.9046382,12.4751414
41.9046335,12.4751319
41.9046273,12.4751255
41.9046199,12.4751221
41.9046120,12.4751219
41.9046045,12.4751251
41.9045982,12.4751312
41.9045936,12.4751398
41.9045912,12.4751498
41.9045913,12.4751603
41.9045938,12.4751703
41.9045985,12.4751787
nature_type: water
     
nature id: 551347274
41.9116257,12.4770988
41.9116376,12.4771025
41.9116497,12.4771010
41.9116609,12.4770943
41.9116699,12.4770833
41.9116758,12.4770689
41.9116781,12.4770528
41.9116765,12.4770366
41.9116711,12.4770219
41.9116625,12.4770102
41.9116510,12.4770025
41.9116383,12.4770004
41.9116258,12.4770041
41.9116149,12.4770132
41.9116068,12.4770266
41.9116026,12.4770428
41.9116026,12.4770600
41.9116068,12.4770763
41.9116148,12.4770897
41.9116257,12.4770988
nature_type: water
     
nature id: 558915519
41.9058162,12.4861200
41.9058188,12.4861267
41.9058230,12.4861319
41.9058282,12.4861351
41.9058339,12.4861358
41.9058394,12.4861341
41.9058443,12.4861301
41.9058479,12.4861242
41.9058499,12.4861170
41.9058501,12.4861094
41.9058485,12.4861021
41.9058451,12.4860956
41.9058402,12.4860910
41.9058345,12.4860889
41.9058285,12.4860895
41.9058231,12.4860926
41.9058188,12.4860981
41.9058161,12.4861049
41.9058152,12.4861124
41.9058162,12.4861200
nature_type: water
     
nature id: 613747946
41.9042341,12.4613304
41.9042258,12.4614890
nature_type: tree_row
     
nature id: 613747947
41.9042181,12.4616069
41.9042061,12.4618376
nature_type: tree_row
     
nature id: 629809743
41.9013565,12.4746076
41.9013526,12.4745950
41.9013512,12.4745779
41.9013528,12.4745647
41.9013588,12.4745526
41.9013656,12.4745458
41.9013730,12.4745413
41.9013797,12.4745410
41.9013858,12.4745441
41.9013928,12.4745510
41.9013986,12.4745617
41.9014007,12.4745753
41.9014005,12.4745864
41.9013984,12.4745965
41.9013928,12.4746069
41.9013849,12.4746144
41.9013782,12.4746173
41.9013720,12.4746181
41.9013635,12.4746159
41.9013565,12.4746076
nature_type: water
     
nature id: 629823441
41.9012339,12.4879124
41.9012252,12.4879114
41.9012168,12.4879142
41.9012094,12.4879204
41.9012040,12.4879295
41.9012010,12.4879405
41.9012007,12.4879522
41.9012033,12.4879633
41.9012084,12.4879728
41.9012156,12.4879795
41.9012239,12.4879829
41.9012328,12.4879824
41.9012411,12.4879780
41.9012478,12.4879701
41.9012523,12.4879597
41.9012540,12.4879480
41.9012527,12.4879361
41.9012485,12.4879255
41.9012420,12.4879173
41.9012339,12.4879124
nature_type: water
     
nature id: 629823442
41.9012861,12.4869545
41.9012647,12.4869517
41.9012439,12.4869583
41.9012257,12.4869735
41.9012122,12.4869958
41.9012047,12.4870228
41.9012040,12.4870516
41.9012103,12.4870791
41.9012228,12.4871025
41.9012403,12.4871192
41.9012608,12.4871274
41.9012827,12.4871263
41.9013030,12.4871155
41.9013196,12.4870964
41.9013307,12.4870710
41.9013349,12.4870422
41.9013318,12.4870131
41.9013218,12.4869869
41.9013060,12.4869666
41.9012861,12.4869545
nature_type: water
     
nature id: 658917245
41.9018633,12.4766300
41.9018759,12.4766118
41.9018927,12.4766116
41.9019044,12.4766283
41.9019048,12.4766485
41.9018930,12.4766668
41.9018762,12.4766669
41.9018641,12.4766520
41.9018633,12.4766300
nature_type: water
     
nature id: 658917246
41.9018128,12.4763386
41.9018167,12.4763430
41.9018213,12.4763455
41.9018263,12.4763459
41.9018312,12.4763442
41.9018355,12.4763406
41.9018387,12.4763354
41.9018405,12.4763292
41.9018408,12.4763224
41.9018393,12.4763153
41.9018361,12.4763092
41.9018316,12.4763050
41.9018262,12.4763031
41.9018207,12.4763037
41.9018157,12.4763069
41.9018118,12.4763122
41.9018094,12.4763189
41.9018089,12.4763264
41.9018102,12.4763329
41.9018128,12.4763386
nature_type: water
     
nature id: 658917247
41.8994448,12.4834506
41.8994476,12.4834548
41.8994512,12.4834576
41.8994553,12.4834586
41.8994594,12.4834577
41.8994631,12.4834551
41.8994659,12.4834509
41.8994675,12.4834458
41.8994678,12.4834402
41.8994667,12.4834350
41.8994645,12.4834306
41.8994614,12.4834273
41.8994576,12.4834256
41.8994536,12.4834255
41.8994498,12.4834271
41.8994466,12.4834303
41.8994443,12.4834346
41.8994432,12.4834397
41.8994433,12.4834453
41.8994448,12.4834506
nature_type: water
     
nature id: 658917248
41.8984664,12.4841065
41.8984732,12.4840975
41.8984819,12.4840918
41.8984914,12.4840901
41.8985008,12.4840926
41.8985092,12.4840990
41.8985156,12.4841086
41.8985194,12.4841205
41.8985202,12.4841333
41.8985179,12.4841459
41.8985127,12.4841568
41.8985058,12.4841645
41.8984974,12.4841691
41.8984884,12.4841701
41.8984795,12.4841675
41.8984717,12.4841613
41.8984656,12.4841524
41.8984618,12.4841413
41.8984606,12.4841293
41.8984622,12.4841173
41.8984664,12.4841065
nature_type: water
     
nature id: 658917249
41.8977727,12.4814085
41.8977790,12.4814129
41.8977861,12.4814142
41.8977930,12.4814122
41.8977992,12.4814073
41.8978037,12.4813999
41.8978061,12.4813909
41.8978062,12.4813813
41.8978040,12.4813727
41.8978000,12.4813654
41.8977944,12.4813603
41.8977879,12.4813577
41.8977811,12.4813581
41.8977748,12.4813614
41.8977696,12.4813671
41.8977660,12.4813748
41.8977644,12.4813837
41.8977649,12.4813927
41.8977678,12.4814015
41.8977727,12.4814085
nature_type: water
     
nature id: 662008076
41.9057872,12.4823424
41.9058807,12.4822792
41.9059068,12.4822434
41.9059290,12.4821889
41.9059330,12.4821735
41.9059334,12.4821573
41.9059301,12.4821407
41.9059232,12.4821262
41.9059133,12.4821153
41.9059066,12.4821110
41.9058993,12.4821084
41.9058875,12.4821079
41.9058390,12.4821229
41.9058221,12.4821333
41.9057436,12.4822262
41.9057306,12.4822516
41.9057229,12.4822687
41.9057200,12.4822859
41.9057209,12.4823036
41.9057249,12.4823184
41.9057316,12.4823313
41.9057406,12.4823414
41.9057503,12.4823476
41.9057607,12.4823505
41.9057744,12.4823492
41.9057872,12.4823424
nature_type: water
     
nature id: 662063745
41.9036131,12.4884346
41.9036176,12.4884232
41.9036247,12.4884145
41.9036336,12.4884097
41.9036432,12.4884092
41.9036513,12.4884124
41.9036583,12.4884188
41.9036612,12.4884235
41.9036706,12.4884138
41.9036980,12.4884622
41.9036880,12.4884723
41.9036920,12.4884822
41.9036924,12.4884935
41.9036903,12.4885045
41.9036858,12.4885142
41.9036793,12.4885215
41.9036704,12.4885263
41.9036608,12.4885267
41.9036517,12.4885226
41.9036456,12.4885159
41.9036368,12.4885249
41.9036094,12.4884767
41.9036177,12.4884681
41.9036138,12.4884599
41.9036118,12.4884473
41.9036131,12.4884346
nature_type: water
     
nature id: 662079669
41.9011580,12.4624895
41.9011624,12.4624932
41.9011674,12.4624949
41.9011725,12.4624943
41.9011772,12.4624915
41.9011810,12.4624869
41.9011834,12.4624808
41.9011843,12.4624740
41.9011834,12.4624672
41.9011810,12.4624610
41.9011772,12.4624563
41.9011724,12.4624535
41.9011673,12.4624529
41.9011623,12.4624547
41.9011579,12.4624585
41.9011548,12.4624640
41.9011531,12.4624706
41.9011532,12.4624775
41.9011549,12.4624841
41.9011580,12.4624895
nature_type: water
     
nature id: 662079670
41.9011167,12.4620954
41.9011210,12.4620991
41.9011260,12.4621008
41.9011311,12.4621002
41.9011358,12.4620974
41.9011396,12.4620928
41.9011421,12.4620867
41.9011429,12.4620799
41.9011421,12.4620730
41.9011396,12.4620669
41.9011358,12.4620622
41.9011311,12.4620594
41.9011259,12.4620588
41.9011209,12.4620605
41.9011166,12.4620644
41.9011134,12.4620699
41.9011118,12.4620765
41.9011118,12.4620834
41.9011135,12.4620900
41.9011167,12.4620954
nature_type: water
     
nature id: 663201675
41.9125660,12.4600511
41.9120625,12.4607278
nature_type: tree_row
