     
way id: 4018953
55.9590465,-3.2269982
55.9592156,-3.2272280
55.9595924,-3.2277300
55.9596512,-3.2278156
55.9599265,-3.2281824
55.9602676,-3.2286602
55.9603274,-3.2287419
55.9607187,-3.2292759
55.9608492,-3.2294617
55.9609414,-3.2295929
55.9616102,-3.2304707
55.9620438,-3.2310189
55.9624779,-3.2314830
55.9626415,-3.2316485
55.9628505,-3.2318589
oneway: false
road_type: tertiary
speed: 30
lanes: undefined
cycleway: no
     
way id: 4018954
55.9580709,-3.2256561
55.9578808,-3.2254078
55.9576218,-3.2250635
55.9575438,-3.2249578
55.9574635,-3.2248494
55.9572524,-3.2245750
55.9570551,-3.2243291
55.9568531,-3.2240874
55.9558368,-3.2228847
55.9556230,-3.2226199
55.9556005,-3.2225896
55.9555744,-3.2225572
55.9555207,-3.2224992
55.9551900,-3.2221131
55.9550376,-3.2219266
oneway: false
road_type: tertiary
speed: 20
lanes: undefined
cycleway: no
     
way id: 4018955
55.9584494,-3.2264843
55.9584720,-3.2264488
55.9584804,-3.2264289
55.9584906,-3.2263933
55.9584965,-3.2263540
55.9584978,-3.2263184
55.9584959,-3.2262885
55.9584899,-3.2262522
55.9584821,-3.2262245
55.9584747,-3.2262054
55.9584601,-3.2261783
55.9584400,-3.2261542
55.9584230,-3.2261416
55.9584045,-3.2261343
55.9583845,-3.2261330
55.9583552,-3.2261434
55.9583350,-3.2261604
55.9583231,-3.2261754
55.9583122,-3.2261935
55.9583025,-3.2262150
55.9582937,-3.2262424
55.9582880,-3.2262685
55.9582847,-3.2262944
55.9582834,-3.2263282
55.9582882,-3.2263809
55.9582954,-3.2264123
55.9583056,-3.2264409
55.9583154,-3.2264606
55.9583314,-3.2264838
55.9583674,-3.2265111
55.9583863,-3.2265155
55.9584088,-3.2265129
55.9584305,-3.2265019
55.9584494,-3.2264843
oneway: false
road_type: secondary
speed: 20
lanes: undefined
cycleway: no
     
way id: 4018969
55.9523584,-3.2137682
55.9528067,-3.2141443
55.9530310,-3.2143236
55.9536598,-3.2148013
oneway: false
road_type: primary
speed: 20
lanes: undefined
cycleway: no
     
way id: 4390267
55.9533791,-3.2201068
55.9535373,-3.2195489
55.9535746,-3.2194226
55.9536880,-3.2190004
55.9537921,-3.2186052
55.9538129,-3.2185125
55.9538339,-3.2184071
55.9538472,-3.2183220
55.9538572,-3.2182354
55.9538701,-3.2181005
55.9538776,-3.2179781
55.9538786,-3.2178352
55.9538757,-3.2177367
55.9538692,-3.2176326
55.9538563,-3.2174667
55.9538368,-3.2173139
55.9538095,-3.2171574
55.9537838,-3.2170357
55.9537525,-3.2169145
55.9537065,-3.2167514
55.9536569,-3.2165901
55.9536345,-3.2164941
55.9536264,-3.2164200
55.9536226,-3.2163451
55.9536172,-3.2162049
55.9536183,-3.2160611
55.9536264,-3.2159119
55.9536409,-3.2157620
55.9536647,-3.2156197
55.9536996,-3.2154572
55.9537453,-3.2152668
55.9538070,-3.2150292
55.9538314,-3.2149353
oneway: false
road_type: residential
speed: 20
lanes: undefined
cycleway: no
     
way id: 4390280
55.9545560,-3.2073868
55.9544948,-3.2074148
55.9544353,-3.2074525
55.9543779,-3.2074997
55.9543232,-3.2075559
55.9542742,-3.2076172
55.9542283,-3.2076858
55.9541859,-3.2077611
55.9541472,-3.2078427
55.9541126,-3.2079299
55.9540823,-3.2080221
55.9540515,-3.2081405
55.9540278,-3.2082640
55.9540115,-3.2083912
55.9540027,-3.2085209
55.9540016,-3.2086514
55.9540081,-3.2087815
55.9540223,-3.2089096
55.9540438,-3.2090343
55.9540726,-3.2091543
55.9541083,-3.2092683
55.9541503,-3.2093748
55.9541984,-3.2094729
55.9542520,-3.2095615
55.9543104,-3.2096395
55.9543731,-3.2097062
55.9544394,-3.2097608
55.9545085,-3.2098028
55.9545797,-3.2098316
55.9546522,-3.2098469
55.9547251,-3.2098486
55.9547978,-3.2098367
55.9548694,-3.2098112
55.9549391,-3.2097725
55.9550061,-3.2097210
55.9550698,-3.2096573
55.9551285,-3.2095832
55.9551827,-3.2094987
55.9552317,-3.2094046
55.9552750,-3.2093020
55.9553121,-3.2091921
55.9553431,-3.2090740
55.9553670,-3.2089509
55.9553836,-3.2088239
55.9553927,-3.2086946
55.9553941,-3.2085643
55.9553879,-3.2084344
55.9553741,-3.2083064
55.9553529,-3.2081817
55.9553245,-3.2080616
55.9552892,-3.2079475
55.9552479,-3.2078416
55.9552006,-3.2077439
55.9551480,-3.2076555
55.9550905,-3.2075773
55.9550288,-3.2075102
55.9549635,-3.2074549
55.9548954,-3.2074119
55.9548251,-3.2073817
55.9547535,-3.2073648
55.9546813,-3.2073611
55.9546183,-3.2073689
55.9545560,-3.2073868
oneway: false
road_type: residential
speed: 20
lanes: undefined
cycleway: no
     
way id: 4390286
55.9540823,-3.2080221
55.9540569,-3.2080001
55.9538576,-3.2078244
55.9534553,-3.2074694
oneway: false
road_type: residential
speed: 20
lanes: undefined
cycleway: no
     
way id: 4629638
55.9554109,-3.2163746
55.9553147,-3.2161740
55.9552714,-3.2160597
55.9552187,-3.2159142
55.9551632,-3.2157666
55.9550934,-3.2156026
55.9550339,-3.2154838
55.9549603,-3.2153584
55.9548783,-3.2152427
55.9548013,-3.2151437
55.9547544,-3.2150910
55.9546966,-3.2150337
55.9546516,-3.2149941
55.9545943,-3.2149483
55.9545353,-3.2149072
55.9544658,-3.2148596
55.9543800,-3.2148147
55.9542874,-3.2147950
55.9541804,-3.2147782
55.9540878,-3.2147420
55.9540105,-3.2146972
55.9539594,-3.2146546
55.9539174,-3.2146141
oneway: false
road_type: residential
speed: 20
lanes: undefined
cycleway: no
     
way id: 4640983
55.9584601,-3.2261783
55.9585057,-3.2260866
55.9585189,-3.2260594
55.9585312,-3.2260256
55.9585416,-3.2259860
55.9585488,-3.2259412
55.9585896,-3.2256444
55.9586380,-3.2253174
55.9586521,-3.2252208
55.9587224,-3.2247367
55.9587487,-3.2245558
55.9587566,-3.2245013
oneway: false
road_type: secondary
speed: 30
lanes: 2
cycleway: no
     
way id: 4641047
55.9595803,-3.2186892
55.9600411,-3.2190095
55.9609458,-3.2196559
55.9612423,-3.2198679
55.9613364,-3.2199348
55.9626164,-3.2208451
55.9626950,-3.2209019
55.9628790,-3.2210351
55.9632818,-3.2213215
55.9636852,-3.2216198
55.9645167,-3.2221876
55.9650310,-3.2225708
55.9670684,-3.2240342
55.9677320,-3.2245080
55.9682653,-3.2248941
55.9684194,-3.2250078
oneway: false
road_type: tertiary
speed: 20
lanes: 2
cycleway: no
     
way id: 4799820
55.9602115,-3.2106757
55.9601788,-3.2106648
55.9600454,-3.2106069
55.9599801,-3.2105894
55.9599421,-3.2105901
55.9599027,-3.2105955
55.9598686,-3.2105993
55.9598512,-3.2105970
oneway: false
road_type: residential
speed: 20
lanes: undefined
cycleway: no
     
way id: 4799821
55.9603694,-3.2107193
55.9602115,-3.2106757
oneway: false
road_type: residential
speed: 20
lanes: undefined
cycleway: no
     
way id: 4801255
55.9578657,-3.2085331
55.9579970,-3.2084103
55.9582835,-3.2081716
55.9583421,-3.2081222
55.9585546,-3.2079431
55.9587598,-3.2077302
55.9589463,-3.2075287
55.9596026,-3.2068564
55.9596263,-3.2068219
55.9596475,-3.2067804
55.9596731,-3.2067205
55.9597002,-3.2066516
55.9597320,-3.2065595
oneway: false
road_type: secondary
speed: 20
lanes: 2
cycleway: no
     
way id: 4830068
55.9618708,-3.2248415
55.9618065,-3.2247894
55.9612016,-3.2243933
55.9607379,-3.2240830
55.9606990,-3.2240569
55.9606290,-3.2240090
55.9601862,-3.2237054
55.9596761,-3.2233582
55.9594334,-3.2231906
55.9592380,-3.2230601
55.9591823,-3.2230188
55.9591280,-3.2229700
55.9590776,-3.2229403
55.9590304,-3.2229187
55.9589893,-3.2228990
oneway: false
road_type: unclassified
speed: 20
lanes: 2
cycleway: no
     
way id: 4835829
55.9536570,-3.2097680
55.9536286,-3.2097035
55.9535914,-3.2096515
55.9535420,-3.2096149
55.9534933,-3.2095928
55.9534365,-3.2095839
55.9533646,-3.2095928
55.9532944,-3.2096121
55.9532306,-3.2096407
55.9531767,-3.2096797
55.9531122,-3.2097341
oneway: false
road_type: residential
speed: 20
lanes: undefined
cycleway: no
     
way id: 4835832
55.9553121,-3.2091921
55.9553477,-3.2092258
55.9555628,-3.2094298
oneway: false
road_type: residential
speed: 20
lanes: undefined
cycleway: no
     
way id: 4867482
55.9560958,-3.2100338
55.9561033,-3.2099701
55.9561180,-3.2098991
55.9561376,-3.2098173
55.9561603,-3.2097454
55.9561852,-3.2096812
55.9562190,-3.2095999
55.9562654,-3.2095068
55.9563586,-3.2093237
55.9564275,-3.2091885
55.9564550,-3.2091343
55.9565525,-3.2089423
55.9567053,-3.2086411
55.9567298,-3.2085928
55.9569001,-3.2082566
55.9569340,-3.2081897
55.9569551,-3.2081436
55.9569801,-3.2080829
55.9570025,-3.2080145
55.9570212,-3.2079446
55.9570352,-3.2078899
55.9570460,-3.2078450
oneway: false
road_type: residential
speed: 20
lanes: undefined
cycleway: no
     
way id: 4867483
55.9584169,-3.2095424
55.9582669,-3.2098737
55.9575099,-3.2114120
oneway: false
road_type: residential
speed: 20
lanes: undefined
cycleway: no
     
way id: 4867484
55.9574009,-3.2134684
55.9574287,-3.2134344
55.9574510,-3.2134030
55.9574722,-3.2133646
55.9574933,-3.2133215
55.9575133,-3.2132723
55.9575314,-3.2132219
55.9575470,-3.2131743
55.9575619,-3.2131257
55.9575777,-3.2130674
55.9575924,-3.2130104
55.9576057,-3.2129552
55.9576170,-3.2129050
55.9576268,-3.2128594
55.9576388,-3.2127935
55.9576477,-3.2127400
55.9576565,-3.2126808
55.9576614,-3.2126336
55.9576665,-3.2125828
55.9576737,-3.2124899
55.9576774,-3.2124088
55.9576809,-3.2123120
55.9576812,-3.2122244
55.9576779,-3.2121346
55.9576718,-3.2120326
55.9576614,-3.2119209
55.9576465,-3.2118056
55.9576317,-3.2117244
55.9576180,-3.2116696
55.9576025,-3.2116172
55.9575739,-3.2115431
55.9575460,-3.2114817
55.9575099,-3.2114120
oneway: false
road_type: residential
speed: 20
lanes: undefined
cycleway: no
     
way id: 4867485
55.9562715,-3.2112252
55.9565242,-3.2108311
55.9568542,-3.2103770
55.9571415,-3.2099674
55.9572536,-3.2098109
55.9573630,-3.2096731
55.9574384,-3.2095837
55.9574975,-3.2095200
55.9575570,-3.2094569
55.9579656,-3.2090660
oneway: false
road_type: residential
speed: 20
lanes: undefined
cycleway: no
     
way id: 4867486
55.9560958,-3.2100338
55.9561420,-3.2101222
oneway: true
road_type: unclassified
speed: 20
lanes: undefined
cycleway: no
     
way id: 4867487
55.9562715,-3.2112252
55.9561153,-3.2113560
55.9559510,-3.2114998
55.9559144,-3.2115340
55.9558793,-3.2115716
55.9558445,-3.2116096
55.9558098,-3.2116523
55.9557490,-3.2117308
55.9557431,-3.2117395
55.9557378,-3.2117488
55.9557324,-3.2117585
55.9557273,-3.2117685
55.9557225,-3.2117783
55.9557178,-3.2117887
55.9557130,-3.2117999
55.9557090,-3.2118125
55.9557070,-3.2118203
55.9557051,-3.2118285
55.9557034,-3.2118375
55.9557018,-3.2118459
55.9557004,-3.2118550
55.9556992,-3.2118637
55.9556983,-3.2118729
55.9556979,-3.2118822
oneway: false
road_type: residential
speed: 20
lanes: undefined
cycleway: no
     
way id: 4867488
55.9573566,-3.2124980
55.9573026,-3.2124943
55.9572292,-3.2124751
55.9571415,-3.2124382
55.9570742,-3.2123942
55.9570047,-3.2123327
55.9569397,-3.2122628
55.9568688,-3.2121595
55.9562715,-3.2112252
oneway: false
road_type: residential
speed: 20
lanes: undefined
cycleway: no
     
way id: 4867489
55.9556979,-3.2118822
55.9556981,-3.2118953
55.9556984,-3.2119017
55.9556989,-3.2119084
55.9556994,-3.2119150
55.9557001,-3.2119215
55.9557010,-3.2119280
55.9557124,-3.2119641
55.9557283,-3.2119990
55.9565415,-3.2133035
55.9567278,-3.2135975
55.9567439,-3.2136283
55.9567591,-3.2136608
55.9567738,-3.2136942
55.9567880,-3.2137288
55.9567952,-3.2137473
55.9568012,-3.2137676
55.9568067,-3.2137882
55.9568107,-3.2138097
55.9568132,-3.2138329
55.9568146,-3.2138560
55.9568149,-3.2138796
55.9568141,-3.2139032
55.9568093,-3.2139564
55.9568026,-3.2140086
55.9567942,-3.2140602
55.9567878,-3.2141125
55.9567843,-3.2141623
55.9567826,-3.2142161
55.9567838,-3.2142580
55.9567880,-3.2142999
55.9567985,-3.2143329
55.9568112,-3.2143623
55.9568611,-3.2144591
oneway: false
road_type: residential
speed: 20
lanes: undefined
cycleway: no
     
way id: 4867490
55.9538314,-3.2149353
55.9538553,-3.2148461
55.9539174,-3.2146141
55.9539411,-3.2145161
55.9541534,-3.2136365
55.9541673,-3.2135857
55.9541772,-3.2135584
55.9541888,-3.2135328
55.9542049,-3.2135132
55.9542219,-3.2134998
55.9542476,-3.2134853
55.9551404,-3.2130079
55.9551616,-3.2129982
55.9551838,-3.2129921
55.9552055,-3.2129898
55.9552261,-3.2129978
55.9552474,-3.2130147
55.9552668,-3.2130387
55.9552890,-3.2130748
oneway: false
road_type: residential
speed: 20
lanes: undefined
cycleway: no
     
way id: 4867493
55.9584022,-3.2167983
55.9584367,-3.2168042
55.9593862,-3.2169655
55.9594522,-3.2169767
oneway: false
road_type: residential
speed: 20
lanes: undefined
cycleway: no
     
way id: 4867494
55.9566032,-3.2158231
55.9566676,-3.2159184
55.9566851,-3.2159389
55.9567118,-3.2159628
55.9570150,-3.2161802
55.9573832,-3.2162389
55.9580193,-3.2163402
55.9584165,-3.2164039
oneway: false
road_type: residential
speed: 20
lanes: undefined
cycleway: no
     
way id: 4915121
55.9603483,-3.2079423
55.9603703,-3.2079754
55.9603908,-3.2079946
55.9604110,-3.2080036
55.9604231,-3.2080051
55.9604336,-3.2080022
55.9605172,-3.2079382
55.9605320,-3.2079054
55.9605475,-3.2078820
55.9605781,-3.2078504
55.9608573,-3.2076158
oneway: false
road_type: residential
speed: 20
lanes: undefined
cycleway: no
     
way id: 4915122
55.9603483,-3.2079423
55.9602043,-3.2080882
55.9605221,-3.2093522
55.9605348,-3.2093838
55.9605515,-3.2094112
55.9605672,-3.2094322
55.9605859,-3.2094523
55.9606020,-3.2094670
55.9606201,-3.2094775
55.9606378,-3.2094811
55.9606641,-3.2094840
55.9606941,-3.2094795
55.9607183,-3.2094677
55.9607385,-3.2094550
55.9607590,-3.2094276
55.9607776,-3.2094007
55.9607919,-3.2093671
55.9608025,-3.2093352
55.9608117,-3.2093009
55.9608175,-3.2092691
55.9608211,-3.2092416
55.9608234,-3.2092145
55.9608250,-3.2091800
55.9608243,-3.2091463
55.9608203,-3.2091096
55.9608141,-3.2090728
55.9605172,-3.2079382
oneway: false
road_type: residential
speed: 20
lanes: undefined
cycleway: no
     
way id: 4915123
55.9585546,-3.2079431
55.9585723,-3.2080017
55.9585882,-3.2080333
55.9586089,-3.2080516
55.9586403,-3.2080511
55.9587280,-3.2080442
55.9589209,-3.2080133
55.9591121,-3.2079992
55.9592251,-3.2080182
55.9593055,-3.2080419
55.9593671,-3.2080776
55.9594522,-3.2081280
55.9595914,-3.2082290
55.9597878,-3.2083772
55.9598315,-3.2083949
55.9598747,-3.2083903
55.9599038,-3.2083785
55.9599335,-3.2083607
55.9599596,-3.2083361
55.9602043,-3.2080882
oneway: true
road_type: residential
speed: 20
lanes: undefined
cycleway: no
     
way id: 4915129
55.9578657,-3.2085331
55.9578104,-3.2083919
55.9577687,-3.2082941
55.9576778,-3.2081075
oneway: false
road_type: tertiary
speed: 20
lanes: undefined
cycleway: no
     
way id: 4915132
55.9587733,-3.2100386
55.9584169,-3.2095424
oneway: false
road_type: secondary
speed: 20
lanes: 2
cycleway: no
     
way id: 5005196
55.9592403,-3.2146057
55.9597231,-3.2144783
55.9597518,-3.2144697
55.9597973,-3.2144624
55.9598359,-3.2144623
55.9598762,-3.2144681
55.9599144,-3.2144793
55.9601546,-3.2145484
55.9602214,-3.2145544
55.9602893,-3.2145536
55.9614454,-3.2145466
oneway: false
road_type: residential
speed: 20
lanes: undefined
cycleway: no
     
way id: 5024238
55.9593658,-3.2101569
55.9593831,-3.2101045
55.9596872,-3.2091825
oneway: false
road_type: residential
speed: 20
lanes: undefined
cycleway: no
     
way id: 5024240
55.9590242,-3.2090066
55.9590242,-3.2090266
55.9590264,-3.2090463
55.9590307,-3.2090648
55.9590369,-3.2090814
55.9590449,-3.2090954
55.9590543,-3.2091064
55.9590647,-3.2091139
55.9590757,-3.2091175
55.9590869,-3.2091172
55.9590979,-3.2091129
55.9591081,-3.2091048
55.9591173,-3.2090933
55.9591250,-3.2090788
55.9591309,-3.2090618
55.9591344,-3.2090462
55.9591364,-3.2090298
55.9591368,-3.2090130
55.9591356,-3.2089964
55.9591329,-3.2089803
55.9591288,-3.2089652
55.9591233,-3.2089516
55.9591167,-3.2089398
55.9591090,-3.2089301
55.9591005,-3.2089228
55.9590915,-3.2089182
55.9590822,-3.2089162
55.9590728,-3.2089171
55.9590636,-3.2089207
55.9590549,-3.2089270
55.9590469,-3.2089358
55.9590398,-3.2089468
55.9590339,-3.2089598
55.9590292,-3.2089744
55.9590260,-3.2089901
55.9590242,-3.2090066
oneway: false
road_type: residential
speed: 20
lanes: undefined
cycleway: no
     
way id: 5024413
55.9592403,-3.2146057
55.9592307,-3.2144811
oneway: false
road_type: secondary
speed: 20
lanes: 2
cycleway: no
     
way id: 5024414
55.9584169,-3.2095424
55.9585208,-3.2091643
55.9586475,-3.2087030
oneway: false
road_type: residential
speed: 20
lanes: undefined
cycleway: no
     
way id: 5024478
55.9563948,-3.2103800
55.9568133,-3.2097872
55.9570367,-3.2094669
55.9571044,-3.2094017
55.9574111,-3.2090487
55.9576760,-3.2087375
55.9577672,-3.2086253
55.9578657,-3.2085331
oneway: false
road_type: residential
speed: 20
lanes: undefined
cycleway: no
     
way id: 5042027
55.9546033,-3.2341083
55.9546367,-3.2340948
55.9546703,-3.2340761
55.9546901,-3.2340576
55.9547028,-3.2340387
55.9547109,-3.2340169
55.9547381,-3.2339323
55.9547654,-3.2338343
55.9548029,-3.2337159
55.9548354,-3.2336132
55.9548771,-3.2335052
55.9549189,-3.2334004
55.9549631,-3.2333041
55.9550151,-3.2332163
55.9552730,-3.2328232
55.9553712,-3.2326659
55.9554654,-3.2325095
55.9555547,-3.2323378
55.9556472,-3.2321443
55.9557357,-3.2319270
55.9563651,-3.2300648
55.9569855,-3.2282058
55.9571510,-3.2277133
55.9572234,-3.2274849
55.9573096,-3.2272707
55.9573919,-3.2270926
55.9574692,-3.2269564
55.9575524,-3.2268168
55.9576190,-3.2267235
55.9576723,-3.2266585
55.9577279,-3.2265989
55.9577780,-3.2265515
55.9578284,-3.2265095
55.9579029,-3.2264571
55.9579482,-3.2264304
55.9579887,-3.2264097
55.9580288,-3.2263921
55.9580925,-3.2263698
55.9582113,-3.2263445
55.9582834,-3.2263282
oneway: false
road_type: residential
speed: 20
lanes: 2
cycleway: no
     
way id: 5042035
55.9580190,-3.2287833
55.9575856,-3.2285369
55.9570391,-3.2282262
55.9569855,-3.2282058
55.9569344,-3.2281863
55.9568938,-3.2281545
55.9568519,-3.2281216
55.9567609,-3.2280688
55.9565800,-3.2279674
55.9562307,-3.2277589
55.9562021,-3.2277419
oneway: false
road_type: residential
speed: 20
lanes: 2
cycleway: no
     
way id: 5048694
55.9558594,-3.2161189
55.9560583,-3.2162608
55.9563640,-3.2164746
55.9564554,-3.2165407
55.9568498,-3.2168127
55.9580440,-3.2176304
55.9582000,-3.2177418
55.9584777,-3.2179296
55.9595803,-3.2186892
oneway: false
road_type: tertiary
speed: 20
lanes: undefined
cycleway: no
     
way id: 5048698
55.9589893,-3.2228990
55.9589362,-3.2228617
55.9581980,-3.2223424
55.9575228,-3.2218827
55.9573599,-3.2217659
55.9571806,-3.2216443
55.9565674,-3.2212090
oneway: false
road_type: residential
speed: 20
lanes: 2
cycleway: no
     
way id: 5048700
55.9591859,-3.2214952
55.9591402,-3.2214639
55.9584898,-3.2210184
55.9577779,-3.2205209
55.9577507,-3.2204992
55.9577282,-3.2204779
55.9576998,-3.2204484
55.9576533,-3.2204144
55.9576081,-3.2203828
55.9574236,-3.2202525
55.9572016,-3.2201091
55.9571586,-3.2200811
55.9571147,-3.2200574
55.9570658,-3.2200364
55.9570166,-3.2200207
55.9568516,-3.2200228
55.9568166,-3.2200249
55.9567781,-3.2200233
55.9567329,-3.2200163
55.9566808,-3.2200013
55.9566315,-3.2199802
oneway: false
road_type: residential
speed: 20
lanes: undefined
cycleway: no
     
way id: 5048701
55.9593905,-3.2200568
55.9581842,-3.2192184
55.9579511,-3.2190565
oneway: false
road_type: residential
speed: 20
lanes: undefined
cycleway: no
     
way id: 5048703
55.9573599,-3.2217659
55.9573754,-3.2216955
55.9574567,-3.2213263
55.9575109,-3.2210747
55.9576533,-3.2204144
55.9579511,-3.2190565
oneway: false
road_type: residential
speed: 20
lanes: undefined
cycleway: no
     
way id: 5048937
55.9562038,-3.2150771
55.9554109,-3.2163746
55.9553080,-3.2165519
55.9552653,-3.2166261
55.9552239,-3.2166804
55.9551811,-3.2167231
oneway: false
road_type: residential
speed: 20
lanes: undefined
cycleway: no
     
way id: 5048938
55.9552890,-3.2130748
55.9557105,-3.2138838
55.9559316,-3.2143339
55.9562021,-3.2148695
55.9562135,-3.2148980
55.9562209,-3.2149269
55.9562255,-3.2149567
55.9562266,-3.2149836
55.9562258,-3.2150039
55.9562237,-3.2150219
55.9562213,-3.2150360
55.9562180,-3.2150485
55.9562116,-3.2150632
55.9562038,-3.2150771
oneway: false
road_type: residential
speed: 20
lanes: undefined
cycleway: no
     
way id: 5048939
55.9584777,-3.2179296
55.9584270,-3.2181524
55.9583624,-3.2184271
55.9582502,-3.2189151
55.9581994,-3.2191476
55.9581842,-3.2192184
oneway: false
road_type: residential
speed: 20
lanes: undefined
cycleway: no
     
way id: 5048940
55.9577698,-3.2189311
55.9577849,-3.2188595
55.9580312,-3.2176909
55.9580440,-3.2176304
oneway: false
road_type: residential
speed: 20
lanes: undefined
cycleway: no
     
way id: 5048986
55.9581980,-3.2223424
55.9582113,-3.2222800
55.9583000,-3.2218781
55.9583481,-3.2216603
55.9584245,-3.2213143
55.9584739,-3.2210905
55.9584898,-3.2210184
oneway: false
road_type: residential
speed: 20
lanes: undefined
cycleway: no
     
way id: 5055514
55.9580137,-3.2089532
55.9579897,-3.2088900
55.9579297,-3.2086982
55.9579057,-3.2086297
oneway: false
road_type: secondary
speed: 20
lanes: 2
cycleway: no
     
way id: 5055515
55.9579057,-3.2086297
55.9578657,-3.2085331
oneway: false
road_type: secondary
speed: 20
lanes: 2
cycleway: no
     
way id: 5732767
55.9568498,-3.2168127
55.9567083,-3.2183283
55.9566671,-3.2191385
55.9566315,-3.2199802
55.9565674,-3.2212090
55.9565014,-3.2215092
55.9564591,-3.2217018
55.9563756,-3.2220818
oneway: false
road_type: residential
speed: 20
lanes: undefined
cycleway: no
     
way id: 5732804
55.9562453,-3.2209875
55.9562218,-3.2215472
55.9561996,-3.2219124
55.9561913,-3.2219912
55.9561789,-3.2220716
55.9561640,-3.2221447
55.9561459,-3.2222159
55.9559798,-3.2227918
oneway: false
road_type: residential
speed: 20
lanes: undefined
cycleway: no
     
way id: 5732821
55.9562453,-3.2209875
55.9558303,-3.2207212
55.9553137,-3.2203549
55.9551764,-3.2202640
55.9551191,-3.2202261
oneway: false
road_type: residential
speed: 20
lanes: undefined
cycleway: no
     
way id: 5732827
55.9563976,-3.2178786
55.9563550,-3.2178725
55.9559787,-3.2178184
55.9554958,-3.2177393
55.9554598,-3.2177334
oneway: false
road_type: residential
speed: 20
lanes: undefined
cycleway: no
     
way id: 5732850
55.9552918,-3.2208233
55.9553137,-3.2203549
55.9553192,-3.2202384
55.9553244,-3.2201280
55.9554598,-3.2177334
55.9554793,-3.2173767
55.9554797,-3.2171084
55.9554691,-3.2170097
55.9554422,-3.2169161
55.9554179,-3.2168663
oneway: false
road_type: residential
speed: 20
lanes: undefined
cycleway: no
     
way id: 5732851
55.9552319,-3.2170361
55.9552929,-3.2170043
55.9553294,-3.2169813
55.9553450,-3.2169679
55.9553552,-3.2169578
55.9553746,-3.2169355
55.9553955,-3.2169060
55.9554179,-3.2168663
55.9558594,-3.2161189
oneway: false
road_type: tertiary
speed: 20
lanes: undefined
cycleway: no
     
way id: 5735209
55.9539122,-3.2225029
55.9536491,-3.2236033
55.9534470,-3.2244523
55.9533844,-3.2247295
55.9533194,-3.2250182
55.9532438,-3.2253982
55.9531706,-3.2257832
55.9530292,-3.2265973
55.9529223,-3.2272496
55.9529004,-3.2273912
55.9528840,-3.2275291
oneway: false
road_type: residential
speed: 20
lanes: 2
cycleway: no
     
way id: 5735664
55.9550376,-3.2219266
55.9549967,-3.2218854
55.9548820,-3.2217697
55.9548122,-3.2217021
oneway: false
road_type: residential
speed: 30
lanes: undefined
cycleway: no
     
way id: 5775625
55.9558368,-3.2228847
55.9558166,-3.2229437
55.9557982,-3.2230047
55.9557809,-3.2230690
55.9557729,-3.2231119
55.9557658,-3.2231569
55.9557610,-3.2231944
55.9557574,-3.2232292
55.9557521,-3.2233071
55.9557454,-3.2234508
55.9557128,-3.2242424
55.9556902,-3.2246260
55.9556561,-3.2252228
55.9556381,-3.2256243
55.9556333,-3.2257263
55.9556310,-3.2257893
55.9556295,-3.2258474
55.9556272,-3.2262927
55.9556261,-3.2263838
55.9556241,-3.2264716
55.9556218,-3.2265394
55.9556191,-3.2266050
55.9555697,-3.2275357
55.9555068,-3.2289105
55.9554666,-3.2296812
55.9554438,-3.2301430
55.9554400,-3.2301699
55.9554359,-3.2301910
55.9554286,-3.2302201
55.9554203,-3.2302453
55.9553382,-3.2304954
55.9553203,-3.2305379
55.9553104,-3.2305549
55.9553017,-3.2305656
55.9552902,-3.2305756
55.9552792,-3.2305814
55.9552662,-3.2305844
55.9552506,-3.2305826
55.9552373,-3.2305762
55.9552194,-3.2305639
55.9552058,-3.2305522
55.9551000,-3.2304610
55.9550862,-3.2304409
55.9550766,-3.2304194
55.9550694,-3.2303949
55.9550647,-3.2303637
55.9550720,-3.2301838
55.9550772,-3.2300561
55.9550830,-3.2299142
55.9551067,-3.2294321
55.9551254,-3.2290529
55.9551326,-3.2289057
oneway: false
road_type: residential
speed: 20
lanes: 2
cycleway: no
     
way id: 5775635
55.9557128,-3.2242424
55.9557407,-3.2242456
55.9557741,-3.2242455
55.9558021,-3.2242416
55.9558369,-3.2242282
55.9558639,-3.2242167
55.9558919,-3.2242073
55.9559329,-3.2242122
55.9559608,-3.2242289
55.9559882,-3.2242569
55.9560100,-3.2242982
55.9560246,-3.2243457
55.9560322,-3.2243985
55.9560324,-3.2244487
55.9560260,-3.2244980
55.9560159,-3.2245384
55.9560020,-3.2245749
55.9559850,-3.2246058
55.9559653,-3.2246309
55.9559012,-3.2247157
55.9558876,-3.2247482
55.9558822,-3.2247828
55.9558807,-3.2248093
55.9558815,-3.2248378
55.9558845,-3.2248640
55.9558909,-3.2248938
55.9559028,-3.2249279
oneway: false
road_type: residential
speed: 20
lanes: undefined
cycleway: no
     
way id: 5775652
55.9556381,-3.2256243
55.9556660,-3.2256277
55.9557979,-3.2256417
55.9560244,-3.2256658
55.9560428,-3.2256616
55.9560659,-3.2256511
55.9560873,-3.2256371
55.9561157,-3.2256111
55.9561440,-3.2255749
55.9561652,-3.2255386
55.9561881,-3.2254857
55.9564354,-3.2247396
55.9564445,-3.2247195
55.9564554,-3.2247032
55.9564718,-3.2246893
55.9564844,-3.2246789
55.9564970,-3.2246725
55.9565133,-3.2246696
55.9565373,-3.2246743
55.9565576,-3.2246796
55.9565835,-3.2246919
55.9566114,-3.2247062
55.9566282,-3.2247213
55.9566467,-3.2247379
55.9567963,-3.2249162
55.9568540,-3.2249870
55.9568935,-3.2250572
55.9569106,-3.2250930
55.9569307,-3.2251571
55.9569439,-3.2252162
55.9569548,-3.2252909
55.9569585,-3.2253732
55.9569558,-3.2254347
55.9569484,-3.2254954
55.9569388,-3.2255443
55.9569193,-3.2256114
55.9564283,-3.2268357
55.9563946,-3.2269393
55.9563613,-3.2270380
55.9563335,-3.2271342
55.9563027,-3.2272544
55.9562736,-3.2273950
55.9562021,-3.2277419
oneway: false
road_type: residential
speed: 20
lanes: 2
cycleway: no
     
way id: 5775663
55.9556561,-3.2252228
55.9556338,-3.2252193
55.9553464,-3.2251733
55.9553349,-3.2251754
55.9553242,-3.2251819
55.9553096,-3.2252006
55.9553013,-3.2252213
55.9552963,-3.2252478
55.9552691,-3.2257650
55.9552683,-3.2257902
55.9552697,-3.2258161
55.9552734,-3.2258409
55.9552787,-3.2258630
55.9552851,-3.2258820
55.9552943,-3.2259019
55.9554688,-3.2262271
55.9554848,-3.2262476
55.9555010,-3.2262633
55.9555209,-3.2262769
55.9555431,-3.2262859
55.9555664,-3.2262888
55.9555999,-3.2262910
55.9556272,-3.2262927
oneway: false
road_type: residential
speed: 20
lanes: undefined
cycleway: no
     
way id: 5775667
55.9555697,-3.2275357
55.9555436,-3.2275306
55.9554184,-3.2275085
55.9551763,-3.2278614
55.9551621,-3.2281256
55.9551499,-3.2283229
oneway: false
road_type: residential
speed: 20
lanes: undefined
cycleway: no
     
way id: 19885630
55.9592833,-3.2150904
55.9589343,-3.2150310
55.9588421,-3.2150157
55.9578878,-3.2148571
55.9574909,-3.2147911
55.9574336,-3.2147750
55.9574088,-3.2147656
55.9573848,-3.2147455
55.9573720,-3.2147227
55.9573558,-3.2146798
oneway: false
road_type: residential
speed: 20
lanes: undefined
cycleway: no
     
way id: 19885631
55.9573558,-3.2146798
55.9573706,-3.2141830
oneway: false
road_type: residential
speed: 20
lanes: undefined
cycleway: no
     
way id: 19885632
55.9587733,-3.2100386
55.9581150,-3.2121427
55.9580172,-3.2124678
oneway: true
road_type: tertiary
speed: 20
lanes: undefined
cycleway: no
     
way id: 23094670
55.9575099,-3.2114120
55.9568542,-3.2103770
oneway: false
road_type: residential
speed: 20
lanes: undefined
cycleway: no
     
way id: 23094746
55.9558169,-3.2107271
55.9558997,-3.2105810
55.9559226,-3.2105351
55.9559433,-3.2104868
55.9560482,-3.2101888
55.9560688,-3.2101305
55.9560958,-3.2100338
oneway: false
road_type: residential
speed: 20
lanes: undefined
cycleway: no
     
way id: 23103090
55.9576778,-3.2081075
55.9575513,-3.2078659
oneway: false
road_type: tertiary
speed: 20
lanes: undefined
cycleway: no
     
way id: 23103272
55.9575099,-3.2114120
55.9574596,-3.2115125
55.9574231,-3.2116433
55.9573921,-3.2118261
55.9573722,-3.2119996
55.9573615,-3.2121663
55.9573579,-3.2123436
55.9573566,-3.2124980
55.9573593,-3.2126551
55.9573650,-3.2128303
55.9573741,-3.2130258
55.9573876,-3.2132470
55.9574009,-3.2134684
55.9573986,-3.2135452
55.9573829,-3.2136537
55.9573607,-3.2137550
55.9573299,-3.2138743
55.9572540,-3.2140990
oneway: false
road_type: residential
speed: 20
lanes: undefined
cycleway: no
     
way id: 23107529
55.9555628,-3.2094298
55.9556095,-3.2094461
55.9556436,-3.2094348
55.9556739,-3.2094139
55.9558407,-3.2091967
55.9559143,-3.2090838
55.9559765,-3.2089829
55.9560626,-3.2088218
55.9561032,-3.2087419
55.9561433,-3.2086500
55.9561703,-3.2085720
55.9561977,-3.2084904
55.9562206,-3.2084206
55.9562449,-3.2083444
55.9562745,-3.2082490
55.9563121,-3.2081228
55.9563492,-3.2079922
55.9563796,-3.2078803
55.9564103,-3.2077670
55.9564404,-3.2076557
55.9564679,-3.2075431
oneway: false
road_type: residential
speed: 20
lanes: undefined
cycleway: no
     
way id: 23109921
55.9562453,-3.2209875
55.9563976,-3.2178786
55.9564533,-3.2165903
55.9564554,-3.2165407
oneway: false
road_type: residential
speed: 20
lanes: undefined
cycleway: no
     
way id: 23110385
55.9563640,-3.2164746
55.9564078,-3.2162539
55.9564174,-3.2162057
55.9564285,-3.2161611
55.9564407,-3.2161199
55.9564548,-3.2160793
55.9564680,-3.2160466
55.9564817,-3.2160163
55.9566032,-3.2158231
55.9572195,-3.2159249
oneway: false
road_type: residential
speed: 20
lanes: undefined
cycleway: no
     
way id: 23110387
55.9588924,-3.2162076
55.9589080,-3.2162049
55.9589231,-3.2161938
55.9589341,-3.2161781
55.9589441,-3.2161520
55.9589488,-3.2161218
55.9589482,-3.2158131
55.9589445,-3.2156031
55.9589358,-3.2151179
55.9589343,-3.2150310
oneway: false
road_type: residential
speed: 20
lanes: undefined
cycleway: no
     
way id: 23110388
55.9584262,-3.2161353
55.9584165,-3.2164039
55.9584022,-3.2167983
55.9582141,-3.2176760
55.9582000,-3.2177418
oneway: false
road_type: residential
speed: 20
lanes: undefined
cycleway: no
     
way id: 23118801
55.9580172,-3.2124678
55.9579020,-3.2128519
55.9577046,-3.2134962
55.9575865,-3.2138657
55.9575439,-3.2140010
55.9575174,-3.2140578
55.9574865,-3.2141009
55.9574493,-3.2141416
55.9574112,-3.2141701
55.9573706,-3.2141830
55.9573456,-3.2141796
55.9573252,-3.2141702
55.9573000,-3.2141512
55.9572540,-3.2140990
oneway: false
road_type: tertiary
speed: 20
lanes: undefined
cycleway: no
     
way id: 23118802
55.9580172,-3.2124678
55.9586446,-3.2128616
55.9587392,-3.2129205
55.9590701,-3.2131194
55.9591185,-3.2131097
oneway: true
road_type: residential
speed: 20
lanes: undefined
cycleway: no
     
way id: 23118803
55.9590841,-3.2126817
55.9590360,-3.2126912
55.9581150,-3.2121427
oneway: true
road_type: residential
speed: 20
lanes: undefined
cycleway: no
     
way id: 23118804
55.9577046,-3.2134962
55.9578854,-3.2136744
55.9579071,-3.2136618
55.9579147,-3.2136557
55.9579216,-3.2136480
55.9579298,-3.2136351
55.9579376,-3.2136194
55.9579457,-3.2135995
55.9579537,-3.2135762
55.9579610,-3.2135510
55.9579671,-3.2135256
55.9579701,-3.2134978
55.9579805,-3.2132332
oneway: false
road_type: residential
speed: 20
lanes: undefined
cycleway: no
     
way id: 23118805
55.9588421,-3.2150157
55.9588465,-3.2148514
55.9588468,-3.2147103
55.9588404,-3.2145972
55.9588332,-3.2145065
55.9588265,-3.2144607
55.9588146,-3.2144198
55.9588032,-3.2143941
55.9587910,-3.2143739
55.9587773,-3.2143570
55.9587609,-3.2143426
55.9587414,-3.2143323
55.9587268,-3.2143272
55.9586914,-3.2143212
55.9586016,-3.2143060
55.9583233,-3.2142598
55.9579475,-3.2141973
oneway: false
road_type: residential
speed: 20
lanes: undefined
cycleway: no
     
way id: 23118807
55.9589482,-3.2158131
55.9575388,-3.2155692
55.9574747,-3.2155581
55.9572683,-3.2155181
55.9568114,-3.2154439
oneway: false
road_type: residential
speed: 20
lanes: undefined
cycleway: no
     
way id: 23118808
55.9573558,-3.2146798
55.9573305,-3.2147639
55.9573213,-3.2147867
55.9573151,-3.2148116
55.9573096,-3.2148392
55.9573056,-3.2148682
55.9573029,-3.2149043
55.9572872,-3.2151748
55.9572683,-3.2155181
oneway: false
road_type: residential
speed: 20
lanes: undefined
cycleway: no
     
way id: 23118809
55.9572872,-3.2151748
55.9569960,-3.2151224
oneway: false
road_type: residential
speed: 20
lanes: undefined
cycleway: no
     
way id: 23118866
55.9529958,-3.2093822
55.9531122,-3.2097341
oneway: false
road_type: tertiary
speed: 20
lanes: 2
cycleway: no
     
way id: 23123876
55.9584262,-3.2161353
55.9588924,-3.2162076
oneway: false
road_type: residential
speed: 20
lanes: undefined
cycleway: no
     
way id: 23165257
55.9581980,-3.2223424
55.9581833,-3.2224115
55.9580952,-3.2228221
55.9580226,-3.2231608
55.9580074,-3.2232004
55.9579900,-3.2232324
55.9579735,-3.2232552
55.9579550,-3.2232741
55.9579303,-3.2232910
55.9578964,-3.2233112
55.9578649,-3.2233278
55.9577747,-3.2233717
55.9577236,-3.2233917
55.9576723,-3.2234068
55.9575914,-3.2234189
55.9575073,-3.2234254
55.9574398,-3.2234238
55.9573707,-3.2234159
55.9572999,-3.2234010
55.9572296,-3.2233794
55.9570548,-3.2232887
55.9570462,-3.2232890
55.9570383,-3.2232919
55.9570287,-3.2232992
55.9570202,-3.2233102
55.9570144,-3.2233219
55.9570096,-3.2233363
55.9569199,-3.2237649
oneway: false
road_type: residential
speed: 20
lanes: undefined
cycleway: no
     
way id: 23165258
55.9594958,-3.2174864
55.9610492,-3.2176525
oneway: false
road_type: residential
speed: 20
lanes: undefined
cycleway: no
     
way id: 23165259
55.9591532,-3.2135486
55.9590975,-3.2135591
55.9589584,-3.2134692
55.9589078,-3.2134370
oneway: false
road_type: residential
speed: 20
lanes: undefined
cycleway: no
     
way id: 23165260
55.9591895,-3.2139605
55.9593018,-3.2139310
oneway: false
road_type: residential
speed: 20
lanes: undefined
cycleway: no
     
way id: 23165261
55.9594758,-3.2138853
55.9594635,-3.2137294
55.9594615,-3.2136946
55.9594626,-3.2136536
55.9594671,-3.2136152
55.9594743,-3.2135801
55.9594799,-3.2135606
55.9595091,-3.2134858
55.9595171,-3.2134564
55.9595239,-3.2134144
55.9595260,-3.2133791
55.9595251,-3.2133470
55.9594995,-3.2129089
55.9594962,-3.2128693
55.9594954,-3.2128316
55.9594970,-3.2127921
55.9594985,-3.2127754
55.9595165,-3.2126547
55.9595207,-3.2126251
55.9595219,-3.2125936
55.9595204,-3.2125673
55.9595179,-3.2125482
55.9594903,-3.2121980
oneway: false
road_type: residential
speed: 20
lanes: undefined
cycleway: no
     
way id: 23166055
55.9537453,-3.2152668
55.9542566,-3.2156747
55.9545601,-3.2159028
55.9546321,-3.2159906
55.9547050,-3.2160977
55.9547728,-3.2162261
55.9548358,-3.2163654
55.9548654,-3.2164331
55.9548956,-3.2165103
55.9549241,-3.2165922
55.9549481,-3.2166702
55.9549711,-3.2167553
55.9549921,-3.2168454
oneway: false
road_type: residential
speed: 20
lanes: undefined
cycleway: no
     
way id: 23166152
55.9535746,-3.2194226
55.9536154,-3.2194603
55.9537055,-3.2195435
55.9537403,-3.2195685
55.9537754,-3.2195900
55.9538177,-3.2196103
55.9538614,-3.2196268
55.9539019,-3.2196384
55.9539481,-3.2196505
55.9540437,-3.2196683
55.9542219,-3.2196923
55.9544715,-3.2197260
oneway: false
road_type: residential
speed: 20
lanes: undefined
cycleway: no
     
way id: 23440359
55.9551811,-3.2167231
55.9551333,-3.2167577
55.9550512,-3.2168071
55.9549921,-3.2168454
oneway: false
road_type: residential
speed: 20
lanes: undefined
cycleway: no
     
way id: 23882135
55.9592156,-3.2272280
55.9594188,-3.2268258
55.9594338,-3.2267924
55.9594447,-3.2267551
55.9594519,-3.2267112
55.9594539,-3.2266665
55.9594507,-3.2266219
oneway: false
road_type: residential
speed: 30
lanes: undefined
cycleway: no
     
way id: 23882136
55.9582983,-3.2272750
55.9584304,-3.2273498
55.9584545,-3.2273814
55.9584666,-3.2274343
55.9584664,-3.2274835
55.9584560,-3.2275289
55.9584341,-3.2275644
55.9583838,-3.2276310
55.9583452,-3.2277315
55.9582781,-3.2280416
55.9582831,-3.2281116
55.9581542,-3.2288368
oneway: false
road_type: residential
speed: 30
lanes: undefined
cycleway: no
     
way id: 24265656
55.9603694,-3.2107193
55.9604667,-3.2107454
55.9605141,-3.2107493
55.9605605,-3.2107480
55.9605912,-3.2107443
55.9606320,-3.2107359
55.9606673,-3.2107254
55.9606980,-3.2107137
55.9607281,-3.2106998
55.9607582,-3.2106836
oneway: false
road_type: residential
speed: 20
lanes: undefined
cycleway: no
     
way id: 24351491
55.9562021,-3.2277419
55.9560435,-3.2284933
55.9560229,-3.2285959
55.9559979,-3.2286905
55.9559668,-3.2287838
55.9559348,-3.2288446
55.9558979,-3.2288925
55.9558619,-3.2289188
55.9558230,-3.2289367
55.9557701,-3.2289485
55.9557522,-3.2289485
55.9557333,-3.2289486
55.9556947,-3.2289414
55.9555929,-3.2289248
55.9555342,-3.2289150
55.9555068,-3.2289105
oneway: false
road_type: residential
speed: 20
lanes: 2
cycleway: no
     
way id: 24351497
55.9578808,-3.2254078
55.9578572,-3.2254685
55.9578413,-3.2255094
55.9578365,-3.2255165
55.9578306,-3.2255219
55.9578244,-3.2255248
55.9578173,-3.2255251
55.9578101,-3.2255224
55.9576584,-3.2253711
oneway: false
road_type: residential
speed: 20
lanes: undefined
cycleway: no
     
way id: 24351498
55.9576190,-3.2267235
55.9574725,-3.2263865
oneway: false
road_type: residential
speed: 20
lanes: undefined
cycleway: no
     
way id: 29139235
55.9579511,-3.2190565
55.9577698,-3.2189311
55.9570938,-3.2184662
55.9570380,-3.2184273
55.9570005,-3.2183990
55.9569615,-3.2183803
55.9569354,-3.2183697
55.9569095,-3.2183607
55.9568751,-3.2183511
55.9568445,-3.2183447
55.9567999,-3.2183390
55.9567505,-3.2183331
55.9567083,-3.2183283
oneway: false
road_type: residential
speed: 20
lanes: undefined
cycleway: no
     
way id: 37182126
55.9533194,-3.2250182
55.9531101,-3.2248322
55.9530928,-3.2248221
55.9530732,-3.2248186
55.9530539,-3.2248258
55.9530367,-3.2248430
55.9530232,-3.2248686
55.9530138,-3.2248966
55.9529693,-3.2250442
55.9529598,-3.2250638
55.9529483,-3.2250814
55.9529313,-3.2250927
oneway: false
road_type: residential
speed: 20
lanes: undefined
cycleway: no
     
way id: 45212491
55.9580332,-3.2089961
55.9580137,-3.2089532
oneway: false
road_type: secondary
speed: 20
lanes: 2
cycleway: no
     
way id: 45212492
55.9584169,-3.2095424
55.9580678,-3.2090574
55.9580332,-3.2089961
oneway: false
road_type: secondary
speed: 20
lanes: 2
cycleway: no
     
way id: 45212494
55.9598512,-3.2105970
55.9598198,-3.2105807
55.9597948,-3.2105591
55.9593658,-3.2101569
55.9592771,-3.2100705
55.9592113,-3.2100080
55.9591437,-3.2099439
55.9590499,-3.2098580
55.9590315,-3.2098419
55.9590142,-3.2098285
55.9589874,-3.2098162
55.9589641,-3.2098083
55.9589427,-3.2098055
55.9589195,-3.2098093
55.9588995,-3.2098165
55.9588803,-3.2098302
55.9588543,-3.2098657
oneway: false
road_type: residential
speed: 20
lanes: undefined
cycleway: no
     
way id: 51555703
55.9531122,-3.2097341
55.9530780,-3.2097746
55.9530237,-3.2098568
55.9529764,-3.2099426
55.9529426,-3.2100267
55.9529183,-3.2101152
55.9528962,-3.2102119
55.9528808,-3.2103164
55.9528770,-3.2104143
55.9528810,-3.2105186
55.9529007,-3.2106254
oneway: false
road_type: tertiary
speed: 20
lanes: undefined
cycleway: no
     
way id: 51555704
55.9529007,-3.2106254
55.9529356,-3.2106956
55.9529747,-3.2107422
55.9530238,-3.2107809
55.9530805,-3.2108101
55.9531444,-3.2108227
55.9531990,-3.2108144
55.9532601,-3.2107973
55.9533264,-3.2107629
55.9533989,-3.2107085
55.9534633,-3.2106374
55.9535152,-3.2105583
55.9535669,-3.2104664
55.9536103,-3.2103692
55.9536509,-3.2102479
55.9536751,-3.2101223
55.9536841,-3.2100082
55.9536830,-3.2099270
55.9536745,-3.2098444
55.9536570,-3.2097680
oneway: false
road_type: residential
speed: 20
lanes: undefined
cycleway: no
     
way id: 56995095
55.9550376,-3.2219266
55.9550475,-3.2217170
55.9550781,-3.2210663
55.9550831,-3.2209604
55.9551191,-3.2202261
oneway: false
road_type: primary
speed: 30
lanes: undefined
cycleway: no
     
way id: 72457696
55.9595803,-3.2186892
55.9594958,-3.2174864
55.9594522,-3.2169767
55.9592833,-3.2150904
55.9592653,-3.2148829
55.9592403,-3.2146057
oneway: false
road_type: secondary
speed: 20
lanes: 2
cycleway: no
     
way id: 207289374
55.9552319,-3.2170361
55.9552166,-3.2169287
55.9551932,-3.2167815
55.9551811,-3.2167231
55.9551664,-3.2166520
55.9551356,-3.2165119
55.9550947,-3.2163652
55.9550459,-3.2162060
55.9550073,-3.2161029
55.9549424,-3.2159657
55.9548811,-3.2158612
55.9548162,-3.2157724
55.9547558,-3.2157067
55.9546896,-3.2156415
55.9546271,-3.2155876
55.9545415,-3.2155219
55.9540453,-3.2151120
55.9538314,-3.2149353
55.9536598,-3.2148013
oneway: false
road_type: primary
speed: 20
lanes: undefined
cycleway: no
     
way id: 221887459
55.9558594,-3.2161189
55.9568611,-3.2144591
55.9569347,-3.2143633
55.9570067,-3.2142998
55.9570715,-3.2142608
55.9571312,-3.2142223
55.9571769,-3.2141812
55.9572084,-3.2141458
55.9572540,-3.2140990
oneway: false
road_type: tertiary
speed: 20
lanes: undefined
cycleway: no
     
way id: 223439371
55.9570790,-3.2255120
55.9569484,-3.2254954
oneway: false
road_type: residential
speed: 20
lanes: undefined
cycleway: no
     
way id: 231445493
55.9554179,-3.2168663
55.9553903,-3.2168138
55.9553616,-3.2167738
55.9553358,-3.2167320
55.9553181,-3.2166938
55.9553073,-3.2166551
55.9553019,-3.2166081
55.9553080,-3.2165519
oneway: false
road_type: residential
speed: 20
lanes: undefined
cycleway: no
     
way id: 231447152
55.9561420,-3.2101222
55.9562100,-3.2102530
55.9562748,-3.2103686
55.9563103,-3.2104318
55.9564768,-3.2107448
oneway: true
road_type: unclassified
speed: 20
lanes: undefined
cycleway: no
     
way id: 231447153
55.9564768,-3.2107448
55.9565242,-3.2108311
oneway: true
road_type: unclassified
speed: 20
lanes: undefined
cycleway: no
     
way id: 239083442
55.9562586,-3.2416543
55.9563103,-3.2403642
55.9563254,-3.2400216
55.9563474,-3.2395603
55.9563724,-3.2390702
55.9563911,-3.2387544
55.9564176,-3.2385064
55.9564507,-3.2382836
55.9565350,-3.2377745
55.9567825,-3.2361877
55.9571017,-3.2341813
55.9572320,-3.2333830
55.9572762,-3.2331124
55.9574494,-3.2319814
55.9576021,-3.2310918
55.9577573,-3.2302041
55.9578126,-3.2299035
55.9579170,-3.2293350
55.9579706,-3.2290451
55.9580190,-3.2287833
55.9580868,-3.2284019
55.9581575,-3.2280129
55.9582983,-3.2272750
55.9583286,-3.2270398
55.9583489,-3.2268754
oneway: false
road_type: secondary
speed: 30
lanes: undefined
cycleway: no
     
way id: 250536478
55.9540581,-3.2093226
55.9536570,-3.2097680
oneway: false
road_type: unclassified
speed: 20
lanes: undefined
cycleway: no
     
way id: 266848717
55.9542378,-3.2211476
55.9539805,-3.2208932
55.9538478,-3.2207671
55.9536475,-3.2205755
55.9532983,-3.2202500
55.9530791,-3.2200464
55.9529987,-3.2199580
oneway: false
road_type: residential
speed: 20
lanes: undefined
cycleway: no
     
way id: 274268771
55.9593018,-3.2139310
55.9594127,-3.2139019
oneway: false
road_type: residential
speed: 20
lanes: undefined
cycleway: no
     
way id: 274268772
55.9594127,-3.2139019
55.9594758,-3.2138853
55.9596404,-3.2138421
oneway: false
road_type: residential
speed: 20
lanes: undefined
cycleway: no
     
way id: 314570567
55.9591532,-3.2135486
55.9591185,-3.2131097
55.9590841,-3.2126817
55.9590326,-3.2120419
55.9589866,-3.2114407
55.9589059,-3.2104480
55.9589024,-3.2104114
55.9588979,-3.2103783
55.9588922,-3.2103436
55.9588874,-3.2103190
55.9588822,-3.2102943
55.9588769,-3.2102734
55.9588709,-3.2102506
55.9588635,-3.2102273
55.9588512,-3.2101924
55.9588374,-3.2101564
55.9588245,-3.2101262
55.9588091,-3.2100956
55.9587733,-3.2100386
oneway: false
road_type: secondary
speed: 20
lanes: 2
cycleway: no
     
way id: 314570568
55.9592307,-3.2144811
55.9592074,-3.2141892
55.9591895,-3.2139605
55.9591532,-3.2135486
oneway: false
road_type: secondary
speed: 20
lanes: 2
cycleway: no
     
way id: 319553450
55.9612652,-3.2120456
55.9603759,-3.2113335
55.9602711,-3.2112486
55.9601101,-3.2111011
55.9600469,-3.2110431
55.9599922,-3.2109877
55.9599373,-3.2109250
55.9598839,-3.2108520
55.9598697,-3.2108033
55.9598603,-3.2107544
55.9598532,-3.2107068
55.9598513,-3.2106545
55.9598512,-3.2105970
oneway: false
road_type: residential
speed: 20
lanes: undefined
cycleway: no
     
way id: 447012830
55.9544715,-3.2197260
55.9549338,-3.2197883
oneway: false
road_type: residential
speed: 20
lanes: undefined
cycleway: no
     
way id: 447012831
55.9549921,-3.2168454
55.9550064,-3.2169273
55.9550250,-3.2170425
55.9550373,-3.2171835
55.9550452,-3.2173240
55.9549338,-3.2197883
oneway: false
road_type: residential
speed: 20
lanes: undefined
cycleway: no
     
way id: 447012833
55.9552374,-3.2173905
55.9552387,-3.2171516
55.9552319,-3.2170361
oneway: false
road_type: primary
speed: 20
lanes: undefined
cycleway: no
     
way id: 447012838
55.9548888,-3.2207834
55.9548887,-3.2208287
55.9548903,-3.2208711
55.9548962,-3.2209172
55.9549062,-3.2209604
55.9549255,-3.2209918
55.9549457,-3.2210155
55.9549672,-3.2210310
55.9549910,-3.2210418
oneway: false
road_type: residential
speed: 20
lanes: undefined
cycleway: no
     
way id: 447012843
55.9549338,-3.2197883
55.9548888,-3.2207834
oneway: false
road_type: residential
speed: 20
lanes: undefined
cycleway: no
     
way id: 448306613
55.9547788,-3.2272463
55.9547961,-3.2269223
55.9548012,-3.2268067
55.9548068,-3.2266752
55.9548724,-3.2253169
55.9549903,-3.2228986
55.9550161,-3.2223637
55.9550376,-3.2219266
oneway: false
road_type: primary
speed: 30
lanes: undefined
cycleway: no
     
way id: 478332036
55.9587566,-3.2245013
55.9589092,-3.2234507
55.9589893,-3.2228990
55.9591859,-3.2214952
55.9593905,-3.2200568
55.9595543,-3.2188890
55.9595803,-3.2186892
oneway: false
road_type: secondary
speed: 20
lanes: 2
cycleway: no
     
way id: 478332038
55.9551191,-3.2202261
55.9552374,-3.2173905
oneway: false
road_type: primary
speed: 30
lanes: undefined
cycleway: no
     
way id: 481282492
55.9584906,-3.2263933
55.9587121,-3.2265670
55.9587856,-3.2266368
55.9588384,-3.2267009
55.9590465,-3.2269982
oneway: false
road_type: tertiary
speed: 30
lanes: undefined
cycleway: no
     
way id: 481282493
55.9583489,-3.2268754
55.9583627,-3.2267163
55.9583676,-3.2266107
55.9583674,-3.2265111
oneway: false
road_type: secondary
speed: 30
lanes: undefined
cycleway: no
     
way id: 481282494
55.9583552,-3.2261434
55.9583302,-3.2260093
55.9582767,-3.2259191
55.9580709,-3.2256561
oneway: false
road_type: tertiary
speed: 20
lanes: undefined
cycleway: no
     
way id: 481282495
55.9548122,-3.2217021
55.9543320,-3.2212374
55.9542378,-3.2211476
oneway: false
road_type: residential
speed: 20
lanes: undefined
cycleway: no
     
way id: 481282496
55.9549910,-3.2210418
55.9550162,-3.2210498
55.9550781,-3.2210663
oneway: false
road_type: residential
speed: 30
lanes: undefined
cycleway: no
     
way id: 482264680
55.9586475,-3.2087030
55.9587791,-3.2088726
55.9588307,-3.2089434
55.9588559,-3.2089684
55.9588808,-3.2089873
55.9588893,-3.2089923
55.9588973,-3.2089970
55.9589296,-3.2090099
55.9589581,-3.2090153
55.9589906,-3.2090146
55.9590242,-3.2090066
oneway: false
road_type: residential
speed: 20
lanes: undefined
cycleway: no
     
way id: 485459961
55.9542378,-3.2211476
55.9542246,-3.2212040
55.9541247,-3.2216138
55.9539122,-3.2225029
oneway: false
road_type: residential
speed: 20
lanes: 2
cycleway: no
     
way id: 487215981
55.9546473,-3.2300600
55.9546559,-3.2298712
55.9547254,-3.2282490
55.9547788,-3.2272463
oneway: false
road_type: primary
speed: 30
lanes: undefined
cycleway: no
