55.9559717,-3.2584072
55.9503341,-3.2509245
55.9507514,-3.2445976
55.9511382,-3.2405565
55.9528840,-3.2275291
55.9588933,-3.2531865
55.9585881,-3.2524118
55.9584970,-3.2521819
55.9572803,-3.2491025
55.9568872,-3.2480125
55.9567943,-3.2474073
55.9565923,-3.2446776
55.9565686,-3.2445647
55.9553325,-3.2392485
55.9545701,-3.2309873
55.9550376,-3.2219266
55.9561284,-3.2539504
55.9565229,-3.2511516
55.9573394,-3.2499461
55.9575152,-3.2497068
55.9583674,-3.2265111
55.9584906,-3.2263933
55.9582983,-3.2272750
55.9572762,-3.2331124
55.9571017,-3.2341813
55.9562586,-3.2416543
55.9559735,-3.2446064
55.9517220,-3.2441803
55.9508626,-3.2430608
55.9544689,-3.2305231
55.9546305,-3.2304960
55.9558095,-3.2359762
55.9549888,-3.2339982
55.9562082,-3.2426156
55.9568237,-3.2434720
55.9574375,-3.2442757
55.9576357,-3.2444653
55.9582857,-3.2445030
55.9591798,-3.2441808
55.9613698,-3.2432497
55.9618101,-3.2416202
55.9619209,-3.2413290
55.9627848,-3.2397244
55.9612396,-3.2438574
55.9611711,-3.2442890
55.9607033,-3.2484581
55.9606709,-3.2490096
55.9606238,-3.2499035
55.9605901,-3.2511787
55.9605838,-3.2534309
55.9550740,-3.2447531
55.9537365,-3.2435352
55.9535752,-3.2430399
55.9532279,-3.2424483
55.9526406,-3.2446063
55.9536322,-3.2412639
55.9540629,-3.2404555
55.9549026,-3.2415479
55.9554968,-3.2425079
55.9521645,-3.2430784
55.9521813,-3.2394621
55.9584494,-3.2264843
55.9582834,-3.2263282
55.9583552,-3.2261434
55.9592156,-3.2272280
55.9626359,-3.2351633
55.9580695,-3.2449039
55.9537400,-3.2413530
55.9535882,-3.2410964
55.9526144,-3.2389447
55.9583368,-3.2449488
55.9583171,-3.2452043
55.9546067,-3.2306205
55.9545112,-3.2303891
55.9580701,-3.2420147
55.9566041,-3.2419039
55.9591838,-3.2449198
55.9562432,-3.2420375
55.9562327,-3.2422556
55.9548821,-3.2450999
55.9608492,-3.2294617
55.9576083,-3.2487846
55.9576324,-3.2453994
55.9575347,-3.2454797
55.9578309,-3.2460955
55.9581348,-3.2427173
55.9564559,-3.2440267
55.9559198,-3.2435750
55.9575638,-3.2439504
55.9559550,-3.2442073
55.9576959,-3.2435334
55.9580732,-3.2435264
55.9615443,-3.2533183
55.9616212,-3.2538884
55.9616605,-3.2548069
55.9607657,-3.2570855
55.9622690,-3.2518543
55.9617421,-3.2520960
55.9622736,-3.2500424
55.9625288,-3.2481543
55.9587069,-3.2299203
55.9591218,-3.2304878
55.9591635,-3.2322222
55.9587970,-3.2344322
55.9578708,-3.2338807
55.9579706,-3.2290451
55.9586304,-3.2343513
55.9590187,-3.2310476
55.9586587,-3.2308841
55.9586758,-3.2301313
55.9583191,-3.2296534
55.9580687,-3.2295990
55.9582295,-3.2292967
55.9588387,-3.2320438
55.9575684,-3.2334709
55.9570589,-3.2539142
55.9580249,-3.2538766
55.9593629,-3.2572736
55.9580403,-3.2510699
55.9573826,-3.2566702
55.9577322,-3.2562669
55.9588290,-3.2559649
55.9596221,-3.2549789
55.9596252,-3.2522419
55.9604369,-3.2512062
55.9578530,-3.2505997
55.9585893,-3.2496700
55.9592600,-3.2488044
55.9584528,-3.2468152
55.9598693,-3.2480334
55.9609022,-3.2462808
55.9608031,-3.2471771
55.9563464,-3.2347379
55.9559258,-3.2336226
55.9576190,-3.2267235
55.9580190,-3.2287833
55.9569855,-3.2282058
55.9577573,-3.2302041
55.9581345,-3.2376103
55.9588953,-3.2379873
55.9602059,-3.2382555
55.9592398,-3.2365119
55.9568273,-3.2386689
55.9564176,-3.2385064
55.9572320,-3.2333830
55.9578908,-3.2354342
55.9527251,-3.2445723
55.9505752,-3.2472546
55.9528179,-3.2452451
55.9525830,-3.2462266
55.9523287,-3.2472473
55.9521503,-3.2478999
55.9517625,-3.2479031
55.9512789,-3.2477389
55.9521851,-3.2446092
55.9514225,-3.2477875
55.9586038,-3.2471721
55.9507066,-3.2371272
55.9491210,-3.2382729
55.9514492,-3.2378403
55.9515294,-3.2371397
55.9505351,-3.2289190
55.9511433,-3.2251662
55.9509911,-3.2256435
55.9503695,-3.2269782
55.9508357,-3.2271186
55.9514122,-3.2279471
55.9519470,-3.2259781
55.9613423,-3.2508057
55.9613395,-3.2503189
55.9614897,-3.2493853
55.9617229,-3.2476939
55.9621666,-3.2389115
55.9606325,-3.2396521
55.9607414,-3.2409763
55.9601221,-3.2436725
55.9600998,-3.2438814
55.9596741,-3.2391658
55.9593591,-3.2387641
55.9605403,-3.2317143
55.9592553,-3.2450662
55.9591481,-3.2449243
55.9589016,-3.2442927
55.9592162,-3.2447393
55.9602701,-3.2457765
55.9593174,-3.2449035
55.9577848,-3.2342283
55.9622276,-3.2472893
55.9621063,-3.2479091
55.9526240,-3.2270021
55.9523922,-3.2311325
55.9544182,-3.2350799
55.9542562,-3.2354979
55.9546524,-3.2349547
55.9536169,-3.2358104
55.9529083,-3.2340923
55.9520500,-3.2334970
55.9540395,-3.2298747
55.9517716,-3.2353487
55.9536257,-3.2292249
55.9508841,-3.2343380
55.9535993,-3.2392915
55.9548009,-3.2399479
55.9555605,-3.2449649
55.9556365,-3.2474845
55.9555415,-3.2446938
55.9554304,-3.2481073
55.9540110,-3.2487895
55.9534658,-3.2482919
55.9549528,-3.2485932
55.9528695,-3.2477475
55.9530730,-3.2469650
55.9533996,-3.2457115
55.9532063,-3.2464535
55.9515906,-3.2457429
55.9518812,-3.2459698
55.9515931,-3.2470956
55.9518434,-3.2461197
55.9521012,-3.2450851
55.9526444,-3.2488383
55.9558368,-3.2228847
55.9556381,-3.2256243
55.9554438,-3.2301430
55.9560244,-3.2256658
55.9567963,-3.2249162
55.9569106,-3.2250930
55.9569484,-3.2254954
55.9555068,-3.2289105
55.9562021,-3.2277419
55.9556561,-3.2252228
55.9556272,-3.2262927
55.9555697,-3.2275357
55.9551499,-3.2283229
55.9558979,-3.2288925
55.9519798,-3.2378264
55.9515272,-3.2371595
55.9582776,-3.2454628
55.9520543,-3.2256787
55.9516331,-3.2363139
55.9521422,-3.2262166
55.9577975,-3.2385422
55.9616102,-3.2304707
55.9612137,-3.2346101
55.9612728,-3.2347547
55.9611771,-3.2349079
55.9620438,-3.2310189
55.9625240,-3.2358954
55.9623947,-3.2358461
55.9626911,-3.2346570
55.9570423,-3.2390902
55.9572505,-3.2386196
55.9559685,-3.2448513
55.9602676,-3.2286602
55.9601857,-3.2288633
55.9602772,-3.2289819
55.9599803,-3.2517860
55.9589456,-3.2492093
55.9591051,-3.2465075
55.9570684,-3.2456552
55.9568711,-3.2456446
55.9570119,-3.2462141
55.9623599,-3.2385453
55.9622023,-3.2378426
55.9608917,-3.2463636
55.9612410,-3.2446991
55.9611320,-3.2445969
55.9594524,-3.2492613
55.9599728,-3.2485899
55.9592700,-3.2526979
55.9582296,-3.2501242
55.9577170,-3.2490395
55.9621041,-3.2415734
55.9665329,-3.2380647
55.9547254,-3.2282490
55.9554184,-3.2275085
55.9551621,-3.2281256
55.9557529,-3.2296691
55.9578808,-3.2254078
55.9552730,-3.2328232
55.9546012,-3.2320753
55.9547740,-3.2320787
55.9550343,-3.2315969
55.9601565,-3.2534488
55.9620655,-3.2437220
55.9611480,-3.2346194
55.9533194,-3.2250182
55.9554666,-3.2296812
55.9546559,-3.2298712
55.9584601,-3.2261783
55.9544882,-3.2306106
55.9623738,-3.2470836
55.9623904,-3.2465358
55.9624005,-3.2462040
55.9613431,-3.2335500
55.9610625,-3.2334407
55.9620081,-3.2313954
55.9625845,-3.2380262
55.9621740,-3.2317359
55.9611637,-3.2320040
55.9612686,-3.2316261
55.9610789,-3.2315424
55.9614071,-3.2326258
55.9614143,-3.2325038
55.9619864,-3.2356844
55.9608200,-3.2344500
55.9609128,-3.2334529
55.9608340,-3.2342776
55.9608751,-3.2352065
55.9613696,-3.2332568
55.9613552,-3.2334156
55.9613293,-3.2337021
55.9614661,-3.2337539
55.9610202,-3.2332529
55.9611173,-3.2365817
55.9606851,-3.2366986
55.9608222,-3.2367258
55.9615049,-3.2378342
55.9615331,-3.2375840
55.9620511,-3.2378296
55.9619835,-3.2376397
55.9618496,-3.2376843
55.9625365,-3.2357876
55.9627178,-3.2329831
55.9620826,-3.2324410
55.9622846,-3.2387416
55.9622999,-3.2382912
55.9614752,-3.2378713
55.9521089,-3.2390282
55.9613530,-3.2427110
55.9614665,-3.2428165
55.9616269,-3.2421814
55.9586521,-3.2252208
55.9530794,-3.2279771
55.9535410,-3.2414811
55.9528208,-3.2281410
55.9514229,-3.2559828
55.9605951,-3.2539293
55.9564507,-3.2382836
55.9520488,-3.2483938
55.9523899,-3.2550352
55.9520909,-3.2479886
55.9521747,-3.2548942
55.9567640,-3.2414898
55.9568009,-3.2422191
55.9559544,-3.2417118
55.9615015,-3.2420778
55.9585547,-3.2423941
55.9592156,-3.2422707
55.9583325,-3.2418674
55.9585989,-3.2411502
55.9584198,-3.2420195
55.9590263,-3.2410917
55.9587921,-3.2423606
55.9583227,-3.2429479
55.9591700,-3.2410714
55.9589334,-3.2423410
55.9588145,-3.2428797
55.9583367,-3.2420282
55.9589533,-3.2428663
55.9582657,-3.2418738
55.9587391,-3.2411313
55.9584517,-3.2411700
55.9588852,-3.2411116
55.9586504,-3.2423806
55.9590772,-3.2423058
55.9583057,-3.2411818
55.9586592,-3.2426558
55.9586273,-3.2418276
55.9584777,-3.2418528
55.9586664,-3.2428940
55.9577443,-3.2418644
55.9578782,-3.2419262
55.9569395,-3.2422795
55.9573534,-3.2424531
55.9575846,-3.2417906
55.9580145,-3.2427377
55.9570430,-3.2415407
55.9576448,-3.2425842
55.9571799,-3.2416039
55.9574877,-3.2425135
55.9572143,-3.2423924
55.9572873,-3.2429341
55.9573139,-3.2416657
55.9568404,-3.2429874
55.9569733,-3.2431683
55.9572479,-3.2432536
55.9577824,-3.2426416
55.9574481,-3.2417276
55.9571067,-3.2431769
55.9578546,-3.2431735
55.9574241,-3.2429964
55.9575826,-3.2430641
55.9570739,-3.2423357
55.9579200,-3.2427039
55.9577186,-3.2431198
55.9580173,-3.2419903
55.9502820,-3.2531816
55.9627531,-3.2526733
55.9624061,-3.2524777
55.9626674,-3.2533124
55.9576218,-3.2250635
55.9571956,-3.2250413
55.9596512,-3.2278156
55.9510947,-3.2287612
55.9568949,-3.2506065
55.9561071,-3.2564417
55.9548303,-3.2487178
55.9568537,-3.2453252
55.9597884,-3.2481319
55.9529313,-3.2250927
55.9527580,-3.2251531
55.9628505,-3.2318589
55.9553808,-3.2394666
55.9559253,-3.2433507
55.9529562,-3.2342012
55.9546017,-3.2316451
55.9545991,-3.2314652
55.9547966,-3.2325493
55.9547593,-3.2314653
55.9550329,-3.2310786
55.9596880,-3.2453096
55.9625151,-3.2419351
55.9595924,-3.2277300
55.9624779,-3.2314830
55.9585896,-3.2256444
55.9589718,-3.2264012
55.9524114,-3.2249687
55.9577412,-3.2486363
55.9571750,-3.2380993
55.9516615,-3.2457982
55.9519862,-3.2444958
55.9536491,-3.2236033
55.9606575,-3.2553760
55.9622986,-3.2471629
55.9527255,-3.2489121
55.9547849,-3.2523147
55.9551234,-3.2506446
55.9551063,-3.2529347
55.9552905,-3.2561575
55.9587121,-3.2265670
55.9588384,-3.2267009
55.9520633,-3.2482538
55.9536870,-3.2411438
55.9559529,-3.2446097
55.9624979,-3.2440943
55.9545489,-3.2518887
55.9541291,-3.2525690
55.9535441,-3.2531060
55.9580855,-3.2412652
55.9560345,-3.2419627
55.9561537,-3.2424015
55.9627516,-3.2339557
55.9624853,-3.2328917
55.9550772,-3.2300561
55.9551254,-3.2290529
55.9550830,-3.2299142
55.9507697,-3.2286264
55.9534470,-3.2244523
55.9537277,-3.2258877
55.9538424,-3.2275479
55.9538994,-3.2274184
55.9547961,-3.2269223
55.9548068,-3.2266752
55.9521749,-3.2262610
55.9525018,-3.2267762
55.9546033,-3.2341083
55.9583489,-3.2268754
55.9546134,-3.2343932
55.9546879,-3.2353439
55.9504138,-3.2512261
55.9523520,-3.2526014
55.9507466,-3.2285929
55.9508809,-3.2272312
55.9507449,-3.2401436
55.9571173,-3.2529864
55.9570727,-3.2539136
55.9559226,-3.2415997
55.9507629,-3.2371848
55.9508455,-3.2432978
55.9520828,-3.2484165
55.9625367,-3.2324823
55.9625435,-3.2324285
55.9626415,-3.2316485
55.9563254,-3.2400216
55.9573056,-3.2461047
55.9522209,-3.2308597
55.9623677,-3.2382508
55.9627366,-3.2397937
55.9576057,-3.2480563
55.9561129,-3.2422555
55.9556813,-3.2422382
55.9560237,-3.2426753
55.9568576,-3.2478901
55.9570376,-3.2477285
55.9546473,-3.2300600
55.9550215,-3.2322312
55.9548226,-3.2364576
55.9587104,-3.2305421
55.9587820,-3.2303023
55.9589072,-3.2309958
55.9589322,-3.2308278
55.9616397,-3.2411856
55.9561237,-3.2536566
55.9566255,-3.2509925
55.9576657,-3.2501106
55.9583286,-3.2517580
55.9592665,-3.2487963
55.9594496,-3.2545746
55.9567145,-3.2527900
55.9545597,-3.2243271
55.9525850,-3.2270891
55.9555464,-3.2536092
55.9517721,-3.2546306
55.9545488,-3.2544634
55.9554435,-3.2543874
55.9509527,-3.2540939
55.9560085,-3.2536425
55.9559881,-3.2562965
55.9551972,-3.2543370
55.9588562,-3.2257777
55.9575856,-3.2285369
55.9599265,-3.2281824
55.9588846,-3.2289257
55.9589297,-3.2289905
55.9591434,-3.2283915
55.9591710,-3.2289357
55.9591858,-3.2284621
55.9595886,-3.2280805
55.9595887,-3.2298852
55.9597111,-3.2291632
55.9598334,-3.2284111
55.9525827,-3.2266527
55.9527474,-3.2264011
55.9529439,-3.2266359
55.9525241,-3.2301987
55.9556142,-3.2431536
55.9556532,-3.2423394
55.9562532,-3.2430121
55.9563452,-3.2434907
55.9568487,-3.2438967
55.9554219,-3.2496357
55.9570110,-3.2472255
55.9570428,-3.2484844
55.9571082,-3.2484121
55.9571773,-3.2483356
55.9575890,-3.2483499
55.9576326,-3.2485128
55.9576521,-3.2485860
55.9576849,-3.2487084
55.9563403,-3.2498724
55.9566275,-3.2502977
55.9566472,-3.2503419
55.9568157,-3.2507200
55.9568692,-3.2498552
55.9569393,-3.2499246
55.9569651,-3.2500949
55.9570754,-3.2503380
55.9566511,-3.2509558
55.9574205,-3.2489666
55.9581036,-3.2531143
55.9515224,-3.2372017
55.9511776,-3.2369206
55.9513890,-3.2371296
55.9514067,-3.2371594
55.9593659,-3.2552962
55.9577659,-3.2440416
55.9581574,-3.2437393
55.9626257,-3.2428935
55.9625289,-3.2528670
55.9515240,-3.2296686
55.9506540,-3.2322286
55.9507205,-3.2320638
55.9507745,-3.2319299
55.9507750,-3.2323732
55.9507776,-3.2320313
55.9507787,-3.2320647
55.9507873,-3.2323420
55.9508915,-3.2321297
55.9517036,-3.2300082
55.9543543,-3.2302995
55.9545357,-3.2303737
55.9527395,-3.2408905
55.9543228,-3.2464514
55.9548257,-3.2468545
55.9553191,-3.2472499
55.9547419,-3.2478939
55.9552904,-3.2472269
55.9553156,-3.2482241
55.9556198,-3.2487732
55.9557177,-3.2484817
55.9558060,-3.2485203
55.9559736,-3.2480408
55.9560228,-3.2481953
55.9548427,-3.2491100
55.9502825,-3.2536549
55.9510901,-3.2541838
55.9517965,-3.2545118
55.9518913,-3.2483392
55.9522097,-3.2547434
55.9527451,-3.2488988
55.9527606,-3.2489719
55.9527710,-3.2489825
55.9530089,-3.2543431
55.9534781,-3.2533946
55.9538503,-3.2528112
55.9523009,-3.2565562
55.9525060,-3.2559778
55.9619687,-3.2372785
55.9619394,-3.2360883
55.9619333,-3.2361406
55.9534087,-3.2528963
55.9620305,-3.2435156
55.9568308,-3.2456479
55.9567020,-3.2456705
55.9549785,-3.2485671
55.9511126,-3.2287183
55.9552649,-3.2480564
55.9557979,-3.2256417
55.9590465,-3.2269982
55.9580709,-3.2256561
55.9609343,-3.2291209
55.9591178,-3.2259916
55.9591310,-3.2259183
55.9552058,-3.2305522
55.9552381,-3.2303360
55.9551831,-3.2301958
55.9550720,-3.2301838
55.9551067,-3.2294321
55.9552066,-3.2294508
55.9552828,-3.2292142
55.9557522,-3.2289485
55.9548816,-3.2317329
55.9551842,-3.2318432
55.9548894,-3.2317259
55.9549748,-3.2316493
55.9547788,-3.2272463
55.9546587,-3.2314652
55.9555842,-3.2402731
55.9594695,-3.2389797
55.9587484,-3.2393734
55.9584385,-3.2397854
55.9603274,-3.2287419
55.9626157,-3.2369726
55.9624732,-3.2383746
55.9624100,-3.2382511
55.9617085,-3.2410844
55.9616359,-3.2259326
