     
nature id: 5028619
55.9515495,-3.2270591
55.9515664,-3.2270261
55.9515843,-3.2269867
55.9515991,-3.2269446
55.9516012,-3.2269357
55.9516022,-3.2269293
55.9516026,-3.2269232
55.9516022,-3.2269196
55.9516012,-3.2269174
55.9516000,-3.2269164
55.9515986,-3.2269161
55.9515968,-3.2269162
55.9515947,-3.2269168
55.9515915,-3.2269197
55.9515880,-3.2269235
55.9515613,-3.2269563
55.9515339,-3.2269883
55.9515031,-3.2270127
55.9514713,-3.2270295
55.9514424,-3.2270387
55.9514129,-3.2270442
55.9513829,-3.2270365
55.9513535,-3.2270276
55.9513308,-3.2270109
55.9513069,-3.2269802
55.9512813,-3.2269372
55.9512632,-3.2268842
55.9512495,-3.2268302
55.9512444,-3.2267958
55.9512412,-3.2267661
55.9512402,-3.2267316
55.9512421,-3.2266909
55.9512412,-3.2266781
55.9512394,-3.2266677
55.9512367,-3.2266591
55.9512342,-3.2266557
55.9512315,-3.2266536
55.9512287,-3.2266532
55.9512250,-3.2266542
55.9512211,-3.2266576
55.9512157,-3.2266654
55.9512106,-3.2266766
55.9511991,-3.2267061
55.9511849,-3.2267417
55.9511684,-3.2267879
55.9511556,-3.2268335
55.9511458,-3.2268785
55.9511358,-3.2269241
55.9511270,-3.2269707
55.9511217,-3.2270181
55.9511197,-3.2270727
55.9511224,-3.2271276
55.9511284,-3.2271643
55.9511374,-3.2272001
55.9511487,-3.2272352
55.9511595,-3.2272612
55.9511748,-3.2272855
55.9511942,-3.2273060
55.9512154,-3.2273212
55.9512371,-3.2273271
55.9512673,-3.2273269
55.9512989,-3.2273203
55.9513419,-3.2273017
55.9513728,-3.2272829
55.9514012,-3.2272585
55.9514299,-3.2272311
55.9514534,-3.2272028
55.9514803,-3.2271710
55.9515089,-3.2271313
55.9515311,-3.2270949
55.9515495,-3.2270591
nature_type: water
     
nature id: 5028622
55.9514084,-3.2265223
55.9514207,-3.2264887
55.9514341,-3.2264603
55.9514498,-3.2264268
55.9514650,-3.2264006
55.9514723,-3.2263886
55.9514752,-3.2263827
55.9514771,-3.2263774
55.9514778,-3.2263746
55.9514778,-3.2263722
55.9514776,-3.2263711
55.9514772,-3.2263706
55.9514764,-3.2263701
55.9514755,-3.2263699
55.9514738,-3.2263699
55.9514718,-3.2263700
55.9514683,-3.2263708
55.9514607,-3.2263766
55.9514468,-3.2263902
55.9514304,-3.2264073
55.9514156,-3.2264250
55.9513990,-3.2264475
55.9513861,-3.2264664
55.9513710,-3.2264917
55.9513562,-3.2265195
55.9513410,-3.2265525
55.9513277,-3.2265832
55.9513171,-3.2266134
55.9513062,-3.2266491
55.9512981,-3.2266824
55.9512930,-3.2267198
55.9512913,-3.2267559
55.9512926,-3.2267959
55.9512957,-3.2268282
55.9513016,-3.2268583
55.9513096,-3.2268850
55.9513231,-3.2269079
55.9513379,-3.2269273
55.9513525,-3.2269433
55.9513711,-3.2269599
55.9513885,-3.2269719
55.9514037,-3.2269804
55.9514235,-3.2269853
55.9514404,-3.2269859
55.9514600,-3.2269847
55.9514769,-3.2269793
55.9514940,-3.2269712
55.9515126,-3.2269573
55.9515340,-3.2269397
55.9515491,-3.2269229
55.9515625,-3.2269052
55.9515728,-3.2268904
55.9515804,-3.2268763
55.9515858,-3.2268658
55.9515893,-3.2268566
55.9515934,-3.2268465
55.9515965,-3.2268398
55.9515991,-3.2268346
55.9516018,-3.2268319
55.9516052,-3.2268304
55.9516085,-3.2268304
55.9516118,-3.2268309
55.9516147,-3.2268318
55.9516172,-3.2268331
55.9516188,-3.2268349
55.9516202,-3.2268375
55.9516211,-3.2268431
55.9516212,-3.2268486
55.9516213,-3.2268536
55.9516210,-3.2268572
55.9516206,-3.2268637
55.9516206,-3.2268672
55.9516213,-3.2268692
55.9516226,-3.2268697
55.9516239,-3.2268682
55.9516249,-3.2268665
55.9516263,-3.2268637
55.9516278,-3.2268586
55.9516386,-3.2268077
55.9516412,-3.2267828
55.9516423,-3.2267579
55.9516418,-3.2267284
55.9516397,-3.2267070
55.9516373,-3.2266954
55.9516340,-3.2266873
55.9516299,-3.2266830
55.9516253,-3.2266810
55.9516204,-3.2266820
55.9516154,-3.2266855
55.9516015,-3.2267018
55.9515879,-3.2267255
55.9515759,-3.2267486
55.9515642,-3.2267769
55.9515435,-3.2268207
55.9515188,-3.2268458
55.9514984,-3.2268533
55.9514780,-3.2268531
55.9514571,-3.2268480
55.9514365,-3.2268354
55.9514186,-3.2268123
55.9514026,-3.2267735
55.9513908,-3.2267288
55.9513860,-3.2266704
55.9513904,-3.2265993
55.9513977,-3.2265568
55.9514084,-3.2265223
nature_type: water
     
nature id: 5028623
55.9515548,-3.2263749
55.9515375,-3.2264064
55.9515187,-3.2264469
55.9515053,-3.2264836
55.9514909,-3.2265252
55.9514864,-3.2265411
55.9514822,-3.2265592
55.9514798,-3.2265758
55.9514785,-3.2265915
55.9514784,-3.2266038
55.9514789,-3.2266130
55.9514799,-3.2266188
55.9514818,-3.2266236
55.9514846,-3.2266271
55.9514878,-3.2266287
55.9514911,-3.2266284
55.9514942,-3.2266260
55.9514976,-3.2266191
55.9514997,-3.2266119
55.9515033,-3.2265987
55.9515068,-3.2265852
55.9515119,-3.2265701
55.9515170,-3.2265570
55.9515223,-3.2265445
55.9515378,-3.2265106
55.9515574,-3.2264758
55.9515879,-3.2264308
55.9515883,-3.2264294
55.9515885,-3.2264279
55.9515884,-3.2264263
55.9515880,-3.2264249
55.9515874,-3.2264238
55.9515866,-3.2264231
55.9515857,-3.2264228
55.9515848,-3.2264231
55.9515786,-3.2264277
55.9515715,-3.2264338
55.9515645,-3.2264397
55.9515575,-3.2264466
55.9515509,-3.2264519
55.9515447,-3.2264566
55.9515380,-3.2264607
55.9515365,-3.2264609
55.9515352,-3.2264606
55.9515342,-3.2264598
55.9515339,-3.2264588
55.9515337,-3.2264573
55.9515336,-3.2264555
55.9515337,-3.2264534
55.9515370,-3.2264416
55.9515475,-3.2264143
55.9515610,-3.2263857
55.9515750,-3.2263596
55.9515847,-3.2263432
55.9515876,-3.2263380
55.9515879,-3.2263373
55.9515881,-3.2263368
55.9515882,-3.2263363
55.9515883,-3.2263359
55.9515883,-3.2263357
55.9515883,-3.2263356
55.9515882,-3.2263355
55.9515881,-3.2263355
55.9515880,-3.2263355
55.9515877,-3.2263356
55.9515872,-3.2263357
55.9515864,-3.2263361
55.9515823,-3.2263388
55.9515690,-3.2263559
55.9515548,-3.2263749
nature_type: water
     
nature id: 61733459
55.9551839,-3.2560513
55.9552131,-3.2561699
55.9551919,-3.2562601
55.9551786,-3.2564071
55.9551600,-3.2564925
55.9551366,-3.2565662
55.9551080,-3.2566057
55.9550770,-3.2566257
55.9550554,-3.2565934
55.9550293,-3.2565532
55.9549979,-3.2565280
55.9549637,-3.2565198
55.9548906,-3.2564366
55.9548261,-3.2563320
55.9547817,-3.2562041
55.9547670,-3.2560779
55.9547696,-3.2559375
55.9548440,-3.2558758
55.9549582,-3.2558331
55.9550936,-3.2558853
55.9551467,-3.2559470
55.9551839,-3.2560513
nature_type: wetland
     
nature id: 85701181
55.9566594,-3.2420506
55.9565927,-3.2422004
55.9565326,-3.2422929
55.9564273,-3.2423340
55.9564004,-3.2423579
55.9563941,-3.2424245
55.9564104,-3.2424739
55.9564824,-3.2425427
55.9565648,-3.2426174
55.9566263,-3.2427522
55.9567460,-3.2432180
55.9570439,-3.2435762
55.9574222,-3.2440608
55.9574899,-3.2440270
55.9575577,-3.2436078
55.9575458,-3.2434415
55.9574464,-3.2433791
55.9572763,-3.2433374
55.9571784,-3.2433343
55.9569943,-3.2432585
55.9568870,-3.2431681
55.9567986,-3.2430563
55.9567179,-3.2428272
55.9566741,-3.2425211
55.9568247,-3.2415886
55.9567822,-3.2415947
55.9567553,-3.2416220
55.9567070,-3.2418273
55.9566594,-3.2420506
nature_type: wood
     
nature id: 85702786
55.9570765,-3.2449031
55.9570704,-3.2447858
55.9569790,-3.2447080
55.9568147,-3.2447350
55.9567312,-3.2447487
55.9566817,-3.2447568
55.9565618,-3.2441328
55.9566172,-3.2441567
55.9566845,-3.2442170
55.9567996,-3.2443200
55.9569358,-3.2444005
55.9572912,-3.2445052
55.9573379,-3.2445161
55.9581426,-3.2447036
55.9584944,-3.2447801
55.9588806,-3.2447869
55.9591787,-3.2447374
55.9591864,-3.2448410
55.9591963,-3.2449748
55.9591972,-3.2449876
55.9592034,-3.2450543
55.9592191,-3.2451158
55.9587899,-3.2451357
55.9587795,-3.2452265
55.9589754,-3.2454050
55.9592470,-3.2457564
55.9595239,-3.2461405
55.9597442,-3.2464246
55.9598531,-3.2465870
55.9599255,-3.2466978
55.9600024,-3.2468223
55.9601610,-3.2470833
55.9601641,-3.2470909
55.9602629,-3.2472758
55.9602863,-3.2473227
55.9603081,-3.2473651
55.9604180,-3.2475948
55.9605287,-3.2478592
55.9606003,-3.2479955
55.9606360,-3.2480907
55.9606240,-3.2482352
55.9606223,-3.2483236
55.9606026,-3.2486062
55.9606001,-3.2486814
55.9605766,-3.2489075
55.9605646,-3.2488666
55.9604938,-3.2486250
55.9604949,-3.2485956
55.9604422,-3.2484480
55.9603603,-3.2482296
55.9603120,-3.2481091
55.9602484,-3.2479604
55.9602194,-3.2478935
55.9601661,-3.2477707
55.9600966,-3.2476232
55.9599836,-3.2473923
55.9598912,-3.2472037
55.9598694,-3.2471594
55.9597517,-3.2469406
55.9596139,-3.2466892
55.9595657,-3.2466042
55.9594353,-3.2463887
55.9593539,-3.2462722
55.9592514,-3.2460733
55.9591388,-3.2459602
55.9590240,-3.2458589
55.9589061,-3.2457737
55.9587852,-3.2457000
55.9586952,-3.2456758
55.9586047,-3.2456679
55.9585897,-3.2456585
55.9585815,-3.2456565
55.9585802,-3.2456634
55.9585621,-3.2456410
55.9585423,-3.2456238
55.9584062,-3.2454994
55.9582944,-3.2453970
55.9582042,-3.2453321
55.9581103,-3.2452781
55.9580453,-3.2452535
55.9579794,-3.2452454
55.9579154,-3.2452406
55.9578466,-3.2452457
55.9577885,-3.2452518
55.9577279,-3.2452735
55.9575761,-3.2453578
55.9575519,-3.2451102
55.9573311,-3.2450503
55.9570765,-3.2449031
nature_type: wood
     
nature id: 85703059
55.9576536,-3.2443443
55.9576258,-3.2443290
55.9576111,-3.2443084
55.9576001,-3.2442780
55.9575951,-3.2442508
55.9575936,-3.2442165
55.9575993,-3.2441736
55.9576158,-3.2441308
55.9576344,-3.2441093
55.9576569,-3.2440974
55.9576876,-3.2440984
55.9577113,-3.2441130
55.9577319,-3.2441268
55.9577552,-3.2442139
55.9578929,-3.2442657
55.9579906,-3.2443096
55.9580397,-3.2443191
55.9580871,-3.2443200
55.9581639,-3.2442617
55.9582266,-3.2441582
55.9582404,-3.2439439
55.9581864,-3.2437675
55.9581861,-3.2431212
55.9582456,-3.2431188
55.9583475,-3.2431146
55.9583527,-3.2433382
55.9583573,-3.2434568
55.9583892,-3.2435648
55.9584110,-3.2437326
55.9584265,-3.2441601
55.9585658,-3.2441424
55.9585688,-3.2442196
55.9586814,-3.2442001
55.9586795,-3.2441103
55.9587588,-3.2440995
55.9587605,-3.2441377
55.9588024,-3.2441317
55.9588007,-3.2440935
55.9590707,-3.2440499
55.9590525,-3.2440888
55.9587529,-3.2442364
55.9585517,-3.2443252
55.9583458,-3.2443831
55.9582330,-3.2443962
55.9580470,-3.2443992
55.9578048,-3.2443922
55.9576536,-3.2443443
nature_type: wood
     
nature id: 87364488
55.9612716,-3.2443406
55.9613461,-3.2438330
55.9616565,-3.2436482
55.9618045,-3.2435538
55.9620838,-3.2433313
55.9623733,-3.2430094
55.9625369,-3.2428494
55.9625610,-3.2428271
55.9625977,-3.2427941
55.9628111,-3.2426000
55.9629661,-3.2424590
55.9631492,-3.2422924
55.9633465,-3.2421129
55.9635000,-3.2419733
55.9637090,-3.2417831
55.9637549,-3.2417414
55.9639365,-3.2415764
55.9640945,-3.2414329
55.9642468,-3.2412945
55.9644212,-3.2411360
55.9644552,-3.2411051
55.9644945,-3.2412746
55.9639725,-3.2417196
55.9640066,-3.2419156
55.9633157,-3.2423829
55.9633087,-3.2423899
55.9626431,-3.2430508
55.9623504,-3.2433270
55.9620238,-3.2436194
55.9616830,-3.2439869
55.9613370,-3.2443210
55.9612716,-3.2443406
nature_type: wood
     
nature id: 87364510
55.9633477,-3.2454353
55.9634498,-3.2445236
55.9629982,-3.2443505
55.9623118,-3.2441147
55.9622457,-3.2441695
55.9622277,-3.2443036
55.9622938,-3.2444914
55.9624714,-3.2445751
55.9626115,-3.2444414
55.9626451,-3.2443090
55.9627052,-3.2442983
55.9627344,-3.2444249
55.9627922,-3.2447811
55.9628132,-3.2448776
55.9629943,-3.2449664
55.9630525,-3.2447798
55.9631468,-3.2448304
55.9632308,-3.2449417
55.9632095,-3.2451754
55.9633477,-3.2454353
nature_type: wood
     
nature id: 96097648
55.9537159,-3.2409967
55.9536320,-3.2408336
55.9534356,-3.2404524
55.9533598,-3.2403147
55.9533098,-3.2402236
55.9532569,-3.2401278
55.9532043,-3.2400325
55.9530978,-3.2398431
55.9530242,-3.2396902
55.9529584,-3.2395534
55.9529612,-3.2395478
55.9528441,-3.2393006
55.9527416,-3.2390713
55.9526906,-3.2389519
55.9526497,-3.2388196
55.9525893,-3.2386241
55.9525677,-3.2385643
55.9524959,-3.2383655
55.9524228,-3.2381633
55.9524016,-3.2381047
55.9523438,-3.2379424
55.9522606,-3.2377091
55.9521782,-3.2374777
55.9521050,-3.2372723
55.9520778,-3.2371993
55.9519870,-3.2369550
55.9519807,-3.2369979
55.9518970,-3.2368133
55.9517829,-3.2366220
55.9517404,-3.2365531
55.9516837,-3.2364575
55.9515835,-3.2362946
55.9515510,-3.2362491
55.9513657,-3.2359894
55.9511996,-3.2357566
55.9510234,-3.2355097
55.9510182,-3.2355028
55.9509044,-3.2353535
55.9507828,-3.2351923
55.9506600,-3.2350305
55.9505437,-3.2348954
55.9504349,-3.2347784
55.9502609,-3.2345869
55.9500364,-3.2343870
55.9493323,-3.2338821
55.9489819,-3.2337732
55.9489642,-3.2337605
55.9489573,-3.2337555
55.9489039,-3.2339822
55.9489065,-3.2339853
55.9490126,-3.2341110
55.9490720,-3.2341785
55.9491232,-3.2342102
55.9491504,-3.2342399
55.9493360,-3.2344428
55.9494484,-3.2345683
55.9498757,-3.2349920
55.9504373,-3.2355490
55.9506431,-3.2357834
55.9508398,-3.2360274
55.9510343,-3.2362815
55.9510511,-3.2363046
55.9511391,-3.2364264
55.9512111,-3.2365626
55.9512431,-3.2366137
55.9512781,-3.2366695
55.9514716,-3.2370317
55.9514938,-3.2370717
55.9515815,-3.2371585
55.9515742,-3.2372356
55.9515993,-3.2373672
55.9516211,-3.2373062
55.9516642,-3.2373798
55.9517512,-3.2375282
55.9517426,-3.2375497
55.9519281,-3.2378635
55.9519716,-3.2379120
55.9520052,-3.2379494
55.9520301,-3.2379772
55.9521567,-3.2381717
55.9522775,-3.2383968
55.9523723,-3.2385986
55.9523901,-3.2386382
55.9524831,-3.2388444
55.9525233,-3.2389336
55.9525739,-3.2390619
55.9526546,-3.2392667
55.9527248,-3.2394457
55.9528033,-3.2396587
55.9529072,-3.2399409
55.9530049,-3.2402061
55.9530248,-3.2402599
55.9531044,-3.2404538
55.9531350,-3.2405282
55.9531945,-3.2406609
55.9532944,-3.2408930
55.9533777,-3.2410475
55.9535249,-3.2413663
55.9537159,-3.2409967
nature_type: wood
     
nature id: 107324190
55.9552481,-3.2561830
55.9552586,-3.2561091
55.9552597,-3.2561013
55.9552612,-3.2560905
55.9553820,-3.2552364
55.9553772,-3.2552129
55.9553669,-3.2551920
55.9553222,-3.2551683
55.9553127,-3.2551439
55.9553065,-3.2551163
55.9553040,-3.2550759
55.9553085,-3.2550362
55.9554091,-3.2544006
55.9554127,-3.2543810
55.9554180,-3.2543523
55.9554276,-3.2542912
55.9554429,-3.2541563
55.9554432,-3.2541451
55.9554444,-3.2541398
55.9554471,-3.2541337
55.9554507,-3.2541294
55.9554792,-3.2541198
55.9554858,-3.2541163
55.9554915,-3.2541097
55.9554957,-3.2541017
55.9554986,-3.2540922
55.9555202,-3.2537071
55.9555166,-3.2536780
55.9555088,-3.2536517
55.9555047,-3.2536441
55.9554973,-3.2536302
55.9554848,-3.2536171
55.9554825,-3.2536146
55.9554658,-3.2536070
55.9554487,-3.2536080
55.9554673,-3.2532141
55.9554280,-3.2531780
55.9553853,-3.2531167
55.9553409,-3.2530590
55.9552966,-3.2530117
55.9552510,-3.2529701
55.9552792,-3.2527814
55.9553028,-3.2526238
55.9553482,-3.2523199
55.9553703,-3.2521721
55.9554182,-3.2518515
55.9554421,-3.2516919
55.9554896,-3.2513742
55.9555141,-3.2512103
55.9557997,-3.2514151
55.9558347,-3.2512704
55.9557385,-3.2511871
55.9557309,-3.2512209
55.9555888,-3.2511127
55.9557067,-3.2506038
55.9557109,-3.2505855
55.9557515,-3.2506147
55.9557711,-3.2505247
55.9558024,-3.2505466
55.9558286,-3.2505174
55.9558697,-3.2504631
55.9558763,-3.2504543
55.9559428,-3.2503664
55.9561646,-3.2500734
55.9561999,-3.2501008
55.9562640,-3.2499849
55.9563307,-3.2498642
55.9566594,-3.2492696
55.9566989,-3.2493507
55.9567485,-3.2488335
55.9567978,-3.2485329
55.9567842,-3.2484989
55.9567787,-3.2484852
55.9567759,-3.2484691
55.9567762,-3.2484523
55.9567794,-3.2484365
55.9567853,-3.2484234
55.9567933,-3.2484143
55.9568716,-3.2483012
55.9568276,-3.2482040
55.9568041,-3.2481789
55.9567831,-3.2481564
55.9567664,-3.2481916
55.9567377,-3.2482847
55.9567292,-3.2483436
55.9566567,-3.2483102
55.9566376,-3.2483014
55.9566444,-3.2482517
55.9566721,-3.2482266
55.9567013,-3.2480694
55.9567254,-3.2478024
55.9567142,-3.2475617
55.9566745,-3.2467965
55.9566504,-3.2463339
55.9566164,-3.2456924
55.9565940,-3.2453207
55.9565781,-3.2451153
55.9565627,-3.2450206
55.9565511,-3.2449737
55.9565377,-3.2449295
55.9565234,-3.2449026
55.9565038,-3.2448813
55.9564742,-3.2448600
55.9564108,-3.2448380
55.9562853,-3.2447966
55.9562055,-3.2447815
55.9562077,-3.2447923
55.9562116,-3.2448020
55.9562943,-3.2448341
55.9563546,-3.2448653
55.9563832,-3.2448849
55.9564013,-3.2448999
55.9564293,-3.2449325
55.9564474,-3.2449565
55.9564602,-3.2449781
55.9564684,-3.2449978
55.9564730,-3.2450243
55.9564776,-3.2450612
55.9566091,-3.2471313
55.9566207,-3.2473485
55.9566247,-3.2475378
55.9566251,-3.2476277
55.9566088,-3.2478520
55.9565943,-3.2479684
55.9565777,-3.2480656
55.9564603,-3.2480809
55.9564009,-3.2480545
55.9563521,-3.2484404
55.9563171,-3.2486471
55.9562786,-3.2488377
55.9562513,-3.2489140
55.9562211,-3.2489829
55.9561609,-3.2490886
55.9561130,-3.2491520
55.9560612,-3.2492052
55.9559497,-3.2492775
55.9558932,-3.2492986
55.9558484,-3.2493093
55.9558117,-3.2493044
55.9555727,-3.2491684
55.9554401,-3.2490834
55.9553972,-3.2490634
55.9553807,-3.2490558
55.9553397,-3.2490525
55.9552963,-3.2490625
55.9552832,-3.2490695
55.9552619,-3.2490810
55.9552366,-3.2491012
55.9552124,-3.2491269
55.9551647,-3.2492022
55.9551363,-3.2492738
55.9551229,-3.2493229
55.9550976,-3.2494189
55.9550482,-3.2496240
55.9548581,-3.2504126
55.9545525,-3.2516112
55.9543563,-3.2520963
55.9541202,-3.2525208
55.9541291,-3.2525690
55.9541601,-3.2527360
55.9541034,-3.2527851
55.9536850,-3.2531477
55.9536636,-3.2531705
55.9536449,-3.2532000
55.9536296,-3.2532351
55.9536181,-3.2532746
55.9535383,-3.2535946
55.9534450,-3.2539694
55.9533005,-3.2544305
55.9530987,-3.2547530
55.9531451,-3.2551026
55.9531317,-3.2552716
55.9529343,-3.2555687
55.9528756,-3.2557170
55.9527338,-3.2562084
55.9526264,-3.2566831
55.9542342,-3.2576033
55.9544950,-3.2577299
55.9548125,-3.2577864
55.9548149,-3.2577433
55.9548172,-3.2577003
55.9548196,-3.2576572
55.9548648,-3.2574537
55.9545036,-3.2571937
55.9541568,-3.2568604
55.9540429,-3.2567070
55.9539491,-3.2565151
55.9538794,-3.2562928
55.9538367,-3.2560496
55.9538473,-3.2559150
55.9538703,-3.2557855
55.9539052,-3.2556647
55.9539508,-3.2555560
55.9540155,-3.2555052
55.9540859,-3.2554936
55.9541548,-3.2555222
55.9542151,-3.2555882
55.9542975,-3.2557979
55.9543352,-3.2559745
55.9544173,-3.2560254
55.9545041,-3.2560293
55.9545679,-3.2560000
55.9546194,-3.2559316
55.9546596,-3.2558994
55.9546979,-3.2558922
55.9547356,-3.2559053
55.9547696,-3.2559375
55.9548440,-3.2558758
55.9549582,-3.2558331
55.9550936,-3.2558853
55.9551467,-3.2559470
55.9551839,-3.2560513
55.9552131,-3.2561699
55.9552481,-3.2561830
nature_type: wood
     
nature id: 131647796
55.9499792,-3.2271399
55.9498837,-3.2272404
55.9498656,-3.2275474
55.9497910,-3.2277215
55.9498318,-3.2278716
55.9498563,-3.2279925
55.9498742,-3.2280837
55.9498909,-3.2281816
55.9499117,-3.2282735
55.9499358,-3.2283562
55.9499603,-3.2284087
55.9500096,-3.2285166
55.9500340,-3.2285738
55.9500530,-3.2286440
55.9500686,-3.2286909
55.9500861,-3.2287545
55.9500923,-3.2288118
55.9500992,-3.2288782
55.9501117,-3.2289097
55.9501593,-3.2290049
55.9501891,-3.2290760
55.9502193,-3.2291641
55.9502327,-3.2292192
55.9502400,-3.2292784
55.9502399,-3.2293308
55.9502334,-3.2293754
55.9502237,-3.2294132
55.9502130,-3.2294432
55.9501777,-3.2295060
55.9501574,-3.2295249
55.9501360,-3.2295370
55.9501286,-3.2295472
55.9501100,-3.2295860
55.9499941,-3.2298596
55.9498276,-3.2302210
55.9494978,-3.2309987
55.9494339,-3.2311035
55.9493793,-3.2311934
55.9493447,-3.2312503
55.9493125,-3.2312915
55.9494287,-3.2315459
55.9495019,-3.2317070
55.9496119,-3.2314455
55.9500159,-3.2304611
55.9500786,-3.2305386
55.9503067,-3.2300861
55.9504027,-3.2302076
55.9505359,-3.2299162
55.9505815,-3.2299716
55.9506193,-3.2298921
55.9506953,-3.2298845
55.9507784,-3.2299894
55.9508794,-3.2297481
55.9510299,-3.2294237
55.9510640,-3.2293503
55.9508360,-3.2290239
55.9507007,-3.2288302
55.9506894,-3.2288139
55.9506780,-3.2287976
55.9506640,-3.2287776
55.9504868,-3.2285239
55.9503621,-3.2283477
55.9503711,-3.2283285
55.9503610,-3.2282910
55.9502441,-3.2279447
55.9501148,-3.2275491
55.9500567,-3.2273737
55.9499792,-3.2271399
nature_type: wood
     
nature id: 260621098
55.9629206,-3.2509994
55.9626433,-3.2513102
55.9626181,-3.2514273
55.9626836,-3.2518056
55.9626405,-3.2518190
55.9625879,-3.2514891
55.9625639,-3.2511163
55.9625699,-3.2507998
55.9625744,-3.2505959
55.9626735,-3.2497832
55.9627606,-3.2490349
55.9632080,-3.2492495
55.9632227,-3.2495659
55.9630794,-3.2495763
55.9628500,-3.2498195
55.9627315,-3.2498195
55.9626786,-3.2500087
55.9626912,-3.2503509
55.9628298,-3.2504365
55.9628626,-3.2507608
55.9629206,-3.2509994
nature_type: wood
     
nature id: 298302579
55.9634519,-3.2273136
55.9630462,-3.2291608
55.9627814,-3.2303432
55.9629954,-3.2304913
55.9630376,-3.2310350
55.9630096,-3.2310923
55.9629632,-3.2311169
55.9629119,-3.2310827
55.9628836,-3.2309904
55.9628944,-3.2308158
55.9628629,-3.2307477
55.9628218,-3.2306918
55.9627616,-3.2306482
55.9627036,-3.2306372
55.9625743,-3.2312044
55.9625871,-3.2314289
55.9635603,-3.2323246
55.9636172,-3.2320043
55.9636711,-3.2316885
55.9636488,-3.2316693
55.9633724,-3.2314315
55.9635016,-3.2308956
55.9630903,-3.2305588
55.9630350,-3.2298087
55.9633813,-3.2283017
55.9634089,-3.2283176
55.9636835,-3.2274770
55.9634519,-3.2273136
nature_type: wood
     
nature id: 298302580
55.9628822,-3.2256453
55.9624715,-3.2253549
55.9624522,-3.2253580
55.9624396,-3.2253839
55.9623444,-3.2258009
55.9623155,-3.2257816
55.9618025,-3.2254394
55.9616797,-3.2259970
55.9619071,-3.2261585
55.9619568,-3.2259237
55.9622382,-3.2261138
55.9621885,-3.2263486
55.9619220,-3.2275646
55.9616282,-3.2273519
55.9615967,-3.2268656
55.9617314,-3.2262163
55.9617233,-3.2261500
55.9616836,-3.2261083
55.9616504,-3.2261427
55.9613277,-3.2276503
55.9614247,-3.2278106
55.9618416,-3.2281049
55.9616331,-3.2289724
55.9615352,-3.2294342
55.9614330,-3.2296427
55.9613955,-3.2296390
55.9613633,-3.2294605
55.9611963,-3.2294002
55.9610392,-3.2293387
55.9610566,-3.2291617
55.9611113,-3.2288862
55.9613981,-3.2290680
55.9613937,-3.2289476
55.9612538,-3.2288235
55.9612371,-3.2284362
55.9613768,-3.2282835
55.9613809,-3.2280713
55.9613413,-3.2279633
55.9612523,-3.2280024
55.9609478,-3.2294250
55.9613876,-3.2300331
55.9614654,-3.2300655
55.9616714,-3.2303348
55.9617266,-3.2304998
55.9622615,-3.2311087
55.9624494,-3.2312970
55.9633756,-3.2272598
55.9631549,-3.2271042
55.9631466,-3.2271661
55.9626364,-3.2295357
55.9621208,-3.2291814
55.9628822,-3.2256453
nature_type: wood
     
nature id: 298302581
55.9640725,-3.2222488
55.9641005,-3.2220818
55.9643920,-3.2222967
55.9643908,-3.2223661
55.9644196,-3.2223983
55.9639584,-3.2244884
55.9632378,-3.2239932
55.9629210,-3.2254648
55.9624511,-3.2251400
55.9625472,-3.2246851
55.9620349,-3.2243396
55.9627288,-3.2211053
55.9640638,-3.2220557
55.9640059,-3.2223439
55.9639828,-3.2223915
55.9639630,-3.2224079
55.9639365,-3.2224115
55.9639093,-3.2223949
55.9638904,-3.2223646
55.9638793,-3.2223264
55.9638769,-3.2222735
55.9639226,-3.2220700
55.9637945,-3.2219798
55.9636604,-3.2219689
55.9634391,-3.2218854
55.9632989,-3.2220632
55.9632421,-3.2221450
55.9631527,-3.2221902
55.9631241,-3.2220936
55.9632390,-3.2215809
55.9629330,-3.2213552
55.9628373,-3.2213206
55.9627746,-3.2214021
55.9626653,-3.2217911
55.9627343,-3.2222410
55.9629999,-3.2224919
55.9630131,-3.2225735
55.9629995,-3.2226661
55.9629505,-3.2227384
55.9629007,-3.2227459
55.9626311,-3.2224650
55.9624479,-3.2226293
55.9625109,-3.2227748
55.9625259,-3.2229181
55.9624875,-3.2230265
55.9624042,-3.2230623
55.9622710,-3.2237070
55.9622887,-3.2239707
55.9623384,-3.2241945
55.9626154,-3.2243842
55.9626726,-3.2241177
55.9626777,-3.2238610
55.9627177,-3.2236800
55.9627595,-3.2236406
55.9628030,-3.2236342
55.9628508,-3.2232425
55.9629289,-3.2229063
55.9632218,-3.2226692
55.9632786,-3.2225277
55.9633761,-3.2224515
55.9634797,-3.2226256
55.9634858,-3.2228978
55.9636243,-3.2230023
55.9637775,-3.2231100
55.9638743,-3.2230896
55.9639274,-3.2229574
55.9639951,-3.2226320
55.9641540,-3.2227454
55.9642404,-3.2223574
55.9640725,-3.2222488
nature_type: wood
     
nature id: 413183864
55.9550645,-3.2545347
55.9549771,-3.2548663
55.9548242,-3.2551296
55.9546275,-3.2553153
55.9544038,-3.2553442
55.9541336,-3.2551589
nature_type: cliff
     
nature id: 422194731
55.9592834,-3.2447666
55.9592799,-3.2447301
55.9592940,-3.2447078
55.9593639,-3.2447125
55.9593961,-3.2447146
55.9594188,-3.2447161
55.9594414,-3.2447176
55.9594731,-3.2447197
55.9595877,-3.2447181
55.9597158,-3.2447031
55.9598273,-3.2446714
55.9599236,-3.2446283
55.9600178,-3.2445887
55.9601059,-3.2445487
55.9602015,-3.2445086
55.9602416,-3.2444892
55.9602916,-3.2444708
55.9602990,-3.2444673
55.9603227,-3.2444563
55.9603833,-3.2444280
55.9604913,-3.2443782
55.9606003,-3.2443257
55.9607065,-3.2442620
55.9608097,-3.2441966
55.9608641,-3.2441621
55.9609757,-3.2440931
55.9610502,-3.2440471
55.9611137,-3.2440079
55.9610390,-3.2444550
55.9610295,-3.2444685
55.9607845,-3.2445880
55.9604711,-3.2447126
55.9604332,-3.2447242
55.9602483,-3.2447835
55.9601600,-3.2448135
55.9600820,-3.2448393
55.9600114,-3.2448602
55.9598169,-3.2448915
55.9597818,-3.2448998
55.9597463,-3.2449086
55.9596911,-3.2449223
55.9596744,-3.2449259
55.9596151,-3.2449385
55.9595542,-3.2449673
55.9594653,-3.2449713
55.9594542,-3.2449828
55.9594453,-3.2449994
55.9594393,-3.2450198
55.9594368,-3.2450424
55.9594391,-3.2450725
55.9594475,-3.2450990
55.9594607,-3.2451182
55.9593261,-3.2450752
55.9593175,-3.2450683
55.9593107,-3.2450565
55.9593067,-3.2450412
55.9593058,-3.2450244
55.9593090,-3.2450058
55.9593086,-3.2449611
55.9591963,-3.2449748
55.9591864,-3.2448410
55.9592714,-3.2448306
55.9592700,-3.2448090
55.9592798,-3.2447890
55.9592834,-3.2447666
nature_type: wood
     
nature id: 452435851
55.9514006,-3.2555491
55.9513875,-3.2555506
55.9513749,-3.2555444
55.9513640,-3.2555311
55.9513562,-3.2555124
55.9513522,-3.2554901
55.9513523,-3.2554819
55.9513533,-3.2554740
55.9513553,-3.2554667
55.9513599,-3.2554577
55.9513658,-3.2554519
55.9513791,-3.2554372
55.9514048,-3.2554072
55.9514245,-3.2553654
55.9514433,-3.2553203
55.9514585,-3.2550656
55.9514274,-3.2550794
55.9514047,-3.2551970
55.9513939,-3.2552250
55.9513782,-3.2552654
55.9513440,-3.2553219
55.9513038,-3.2553637
55.9512860,-3.2554126
55.9512734,-3.2554678
55.9512744,-3.2555257
55.9512887,-3.2555789
55.9513168,-3.2556199
55.9513660,-3.2556397
55.9514073,-3.2556973
55.9514509,-3.2557201
55.9514554,-3.2557208
55.9514598,-3.2557193
55.9514639,-3.2557158
55.9514673,-3.2557104
55.9514698,-3.2557037
55.9514711,-3.2556960
55.9514982,-3.2555471
55.9515109,-3.2555149
55.9515129,-3.2554991
55.9515116,-3.2554830
55.9515072,-3.2554688
55.9515001,-3.2554584
55.9514915,-3.2554532
55.9514824,-3.2554539
55.9514006,-3.2555491
nature_type: water
     
nature id: 701652843
55.9614352,-3.2461534
55.9615311,-3.2459841
55.9619965,-3.2461665
55.9623208,-3.2463274
55.9622998,-3.2467029
55.9622908,-3.2468209
55.9623394,-3.2470033
55.9623093,-3.2470245
55.9622728,-3.2469121
55.9622187,-3.2468478
55.9622578,-3.2466922
55.9619935,-3.2464293
55.9619695,-3.2464883
55.9618926,-3.2464060
55.9614352,-3.2461534
nature_type: wood
