     
way id: 4018953
55.9590465,-3.2269982
55.9592156,-3.2272280
55.9595924,-3.2277300
55.9596512,-3.2278156
55.9599265,-3.2281824
55.9602676,-3.2286602
55.9603274,-3.2287419
55.9607187,-3.2292759
55.9608492,-3.2294617
55.9609414,-3.2295929
55.9616102,-3.2304707
55.9620438,-3.2310189
55.9624779,-3.2314830
55.9626415,-3.2316485
55.9628505,-3.2318589
oneway: false
road_type: tertiary
speed: 30
lanes: undefined
cycleway: no
     
way id: 4018954
55.9580709,-3.2256561
55.9578808,-3.2254078
55.9576218,-3.2250635
55.9575438,-3.2249578
55.9574635,-3.2248494
55.9572524,-3.2245750
55.9570551,-3.2243291
55.9568531,-3.2240874
55.9558368,-3.2228847
55.9556230,-3.2226199
55.9556005,-3.2225896
55.9555744,-3.2225572
55.9555207,-3.2224992
55.9551900,-3.2221131
55.9550376,-3.2219266
oneway: false
road_type: tertiary
speed: 20
lanes: undefined
cycleway: no
     
way id: 4018955
55.9584494,-3.2264843
55.9584720,-3.2264488
55.9584804,-3.2264289
55.9584906,-3.2263933
55.9584965,-3.2263540
55.9584978,-3.2263184
55.9584959,-3.2262885
55.9584899,-3.2262522
55.9584821,-3.2262245
55.9584747,-3.2262054
55.9584601,-3.2261783
55.9584400,-3.2261542
55.9584230,-3.2261416
55.9584045,-3.2261343
55.9583845,-3.2261330
55.9583552,-3.2261434
55.9583350,-3.2261604
55.9583231,-3.2261754
55.9583122,-3.2261935
55.9583025,-3.2262150
55.9582937,-3.2262424
55.9582880,-3.2262685
55.9582847,-3.2262944
55.9582834,-3.2263282
55.9582882,-3.2263809
55.9582954,-3.2264123
55.9583056,-3.2264409
55.9583154,-3.2264606
55.9583314,-3.2264838
55.9583674,-3.2265111
55.9583863,-3.2265155
55.9584088,-3.2265129
55.9584305,-3.2265019
55.9584494,-3.2264843
oneway: false
road_type: secondary
speed: 20
lanes: undefined
cycleway: no
     
way id: 4018957
55.9562082,-3.2426156
55.9562209,-3.2424365
55.9562327,-3.2422556
55.9562432,-3.2420375
oneway: false
road_type: secondary
speed: 30
lanes: undefined
cycleway: no
     
way id: 4270673
55.9568872,-3.2480125
55.9568576,-3.2478901
55.9568174,-3.2476832
55.9568019,-3.2475476
55.9567943,-3.2474073
55.9567586,-3.2467795
55.9567087,-3.2457892
55.9567020,-3.2456705
55.9566757,-3.2452032
55.9566402,-3.2449532
55.9565923,-3.2446776
55.9565686,-3.2445647
oneway: false
road_type: primary
speed: 30
lanes: undefined
cycleway: no
     
way id: 4270675
55.9545357,-3.2303737
55.9545112,-3.2303891
55.9544930,-3.2304132
55.9544793,-3.2304453
55.9544711,-3.2304829
55.9544689,-3.2305231
55.9544745,-3.2305697
55.9544882,-3.2306106
oneway: false
road_type: primary
speed: 30
lanes: undefined
cycleway: no
     
way id: 4270676
55.9607033,-3.2484581
55.9607424,-3.2478469
55.9607633,-3.2475993
55.9608031,-3.2471771
oneway: false
road_type: primary
speed: 30
lanes: 4
cycleway: no
     
way id: 4627382
55.9565923,-3.2446776
55.9564821,-3.2446598
55.9562394,-3.2446235
55.9561740,-3.2446120
55.9561069,-3.2446052
55.9560407,-3.2446033
55.9559735,-3.2446064
55.9559529,-3.2446097
55.9558079,-3.2446352
55.9555415,-3.2446938
55.9554099,-3.2447241
55.9553832,-3.2447320
55.9553563,-3.2447448
55.9553322,-3.2447607
55.9552868,-3.2447983
55.9552595,-3.2448123
55.9552342,-3.2448203
55.9552094,-3.2448238
55.9551825,-3.2448228
55.9551587,-3.2448177
55.9551204,-3.2447939
55.9550740,-3.2447531
55.9550101,-3.2446951
55.9549622,-3.2446395
55.9549139,-3.2445836
55.9548615,-3.2444967
55.9548010,-3.2443774
55.9546415,-3.2439529
55.9546096,-3.2438588
55.9545725,-3.2437764
55.9545220,-3.2436878
55.9544702,-3.2436095
55.9544063,-3.2435388
55.9543397,-3.2434929
55.9542781,-3.2434558
55.9542034,-3.2434303
55.9541389,-3.2434173
55.9540543,-3.2434202
55.9539783,-3.2434363
55.9538885,-3.2434621
55.9538078,-3.2434951
55.9537365,-3.2435352
55.9536667,-3.2435962
55.9529086,-3.2444210
55.9528466,-3.2444865
55.9527948,-3.2445267
55.9527604,-3.2445520
55.9527251,-3.2445723
55.9526835,-3.2445924
55.9526406,-3.2446063
55.9524984,-3.2446363
55.9524073,-3.2446464
55.9523405,-3.2446510
55.9523031,-3.2446474
55.9522650,-3.2446391
55.9521851,-3.2446092
55.9521394,-3.2445900
55.9520970,-3.2445704
55.9520541,-3.2445457
55.9520200,-3.2445223
55.9519862,-3.2444958
55.9519597,-3.2444724
55.9519279,-3.2444412
55.9518787,-3.2443857
55.9518255,-3.2443149
55.9517220,-3.2441803
55.9514276,-3.2437459
55.9510460,-3.2431978
55.9509914,-3.2431221
55.9509752,-3.2431058
55.9509491,-3.2430878
55.9509249,-3.2430770
55.9508969,-3.2430678
55.9508626,-3.2430608
oneway: false
road_type: tertiary
speed: 20
lanes: 2
cycleway: no
     
way id: 4627384
55.9537365,-3.2435352
55.9537173,-3.2434657
55.9536634,-3.2432708
55.9535752,-3.2430399
55.9534602,-3.2428202
55.9533081,-3.2425474
55.9532610,-3.2424892
55.9532279,-3.2424483
oneway: false
road_type: residential
speed: 20
lanes: undefined
cycleway: no
     
way id: 4627385
55.9535752,-3.2430399
55.9536043,-3.2429958
55.9538926,-3.2425579
oneway: false
road_type: residential
speed: 20
lanes: undefined
cycleway: no
     
way id: 4627386
55.9526406,-3.2446063
55.9526308,-3.2445356
55.9526220,-3.2444716
55.9526177,-3.2444291
55.9526201,-3.2443908
55.9526310,-3.2443474
55.9528136,-3.2437617
55.9529949,-3.2431934
55.9532279,-3.2424483
55.9534620,-3.2416765
55.9535410,-3.2414811
55.9536322,-3.2412639
oneway: false
road_type: residential
speed: 20
lanes: 2
cycleway: no
     
way id: 4627387
55.9540629,-3.2404555
55.9541050,-3.2405132
55.9542091,-3.2407055
55.9543747,-3.2409951
55.9544865,-3.2412108
55.9545987,-3.2414201
55.9546687,-3.2415118
55.9547664,-3.2415728
55.9548418,-3.2415625
55.9549026,-3.2415479
55.9549368,-3.2414921
55.9549921,-3.2413901
oneway: false
road_type: residential
speed: 20
lanes: undefined
cycleway: no
     
way id: 4627388
55.9549026,-3.2415479
55.9549727,-3.2416806
55.9551328,-3.2419737
55.9553518,-3.2423538
55.9553963,-3.2424084
55.9554407,-3.2424561
55.9554968,-3.2425079
oneway: false
road_type: residential
speed: 20
lanes: undefined
cycleway: no
     
way id: 4627392
55.9562082,-3.2426156
55.9563142,-3.2426374
55.9563885,-3.2426693
55.9564494,-3.2427069
55.9564714,-3.2427271
55.9564957,-3.2427562
55.9565296,-3.2428169
55.9565556,-3.2428902
55.9565821,-3.2429724
55.9566122,-3.2430801
55.9566424,-3.2431766
55.9566824,-3.2432847
55.9567117,-3.2433315
55.9568237,-3.2434720
55.9571301,-3.2438645
55.9574375,-3.2442757
oneway: false
road_type: tertiary
speed: 20
lanes: 2
cycleway: no
     
way id: 4627393
55.9553325,-3.2392485
55.9553934,-3.2391348
55.9554205,-3.2390085
55.9554374,-3.2389223
55.9554518,-3.2388304
55.9554638,-3.2387057
55.9554715,-3.2386025
55.9554930,-3.2382524
55.9555185,-3.2379523
55.9555552,-3.2375682
55.9555860,-3.2373117
55.9556114,-3.2370987
55.9556513,-3.2368197
55.9556984,-3.2365460
55.9557506,-3.2362572
55.9558095,-3.2359762
55.9558634,-3.2357577
55.9559190,-3.2355742
55.9559691,-3.2354311
55.9560274,-3.2352854
55.9560968,-3.2351430
55.9562250,-3.2349244
55.9563464,-3.2347379
55.9564577,-3.2345819
55.9565618,-3.2344640
55.9566173,-3.2344105
55.9566924,-3.2343475
55.9567801,-3.2342862
55.9568584,-3.2342421
55.9569347,-3.2342080
55.9570024,-3.2341834
55.9570587,-3.2341719
55.9571017,-3.2341813
oneway: false
road_type: residential
speed: 20
lanes: 2
cycleway: no
     
way id: 4627394
55.9558095,-3.2359762
55.9557806,-3.2359089
55.9557649,-3.2358528
55.9557496,-3.2357831
55.9557301,-3.2356624
55.9557053,-3.2354960
55.9556794,-3.2353554
55.9556526,-3.2352276
55.9556133,-3.2350588
55.9555823,-3.2349491
55.9555469,-3.2348386
55.9554738,-3.2346589
55.9554053,-3.2345151
55.9553581,-3.2344382
55.9553127,-3.2343645
55.9552762,-3.2343082
55.9552295,-3.2342437
55.9551773,-3.2341783
55.9551180,-3.2341125
55.9550546,-3.2340532
55.9549888,-3.2339982
oneway: false
road_type: residential
speed: 20
lanes: 2
cycleway: no
     
way id: 4629641
55.9559717,-3.2584072
55.9559287,-3.2583846
55.9558672,-3.2583521
55.9556560,-3.2582337
55.9553082,-3.2580319
55.9551894,-3.2579600
55.9550390,-3.2579137
55.9547712,-3.2578603
55.9545810,-3.2578234
55.9543984,-3.2577556
55.9541484,-3.2576319
55.9534104,-3.2572082
55.9527824,-3.2568492
55.9523009,-3.2565562
55.9521823,-3.2564840
55.9517640,-3.2562162
55.9514229,-3.2559828
55.9506392,-3.2554532
55.9506058,-3.2554194
55.9505737,-3.2553810
55.9505437,-3.2553388
55.9505151,-3.2552916
55.9504880,-3.2552392
55.9504636,-3.2551840
55.9504427,-3.2551280
55.9504243,-3.2550700
55.9503639,-3.2548233
55.9503115,-3.2545645
55.9502999,-3.2545086
55.9502948,-3.2544763
55.9502897,-3.2544330
55.9502865,-3.2543879
55.9502825,-3.2536549
55.9502820,-3.2531816
55.9502835,-3.2530853
55.9503341,-3.2509245
oneway: false
road_type: tertiary
speed: 20
lanes: 2
cycleway: no
     
way id: 4629726
55.9507514,-3.2445976
55.9507081,-3.2445894
55.9504651,-3.2445435
55.9503924,-3.2445277
55.9503721,-3.2445187
55.9503524,-3.2445046
55.9503401,-3.2444928
55.9503281,-3.2444787
55.9503130,-3.2444563
55.9502982,-3.2444313
55.9495052,-3.2431454
55.9493912,-3.2429543
55.9492665,-3.2427505
55.9492380,-3.2427039
55.9492209,-3.2426751
55.9491998,-3.2426442
55.9491805,-3.2426197
55.9491581,-3.2425951
55.9491351,-3.2425739
55.9489007,-3.2423689
oneway: false
road_type: residential
speed: 20
lanes: undefined
cycleway: no
     
way id: 4640980
55.9537365,-3.2435352
55.9537468,-3.2436111
55.9537631,-3.2437316
55.9537822,-3.2439956
55.9538252,-3.2443180
55.9538815,-3.2445163
55.9539414,-3.2446606
55.9540333,-3.2447928
55.9542068,-3.2449655
55.9544699,-3.2451855
55.9545922,-3.2452441
55.9546685,-3.2452452
55.9547589,-3.2452118
55.9548380,-3.2451491
55.9548821,-3.2450999
55.9550456,-3.2448043
55.9550740,-3.2447531
oneway: false
road_type: residential
speed: 20
lanes: undefined
cycleway: no
     
way id: 4640983
55.9584601,-3.2261783
55.9585057,-3.2260866
55.9585189,-3.2260594
55.9585312,-3.2260256
55.9585416,-3.2259860
55.9585488,-3.2259412
55.9585896,-3.2256444
55.9586380,-3.2253174
55.9586521,-3.2252208
55.9587224,-3.2247367
55.9587487,-3.2245558
55.9587566,-3.2245013
oneway: false
road_type: secondary
speed: 30
lanes: 2
cycleway: no
     
way id: 4755829
55.9521645,-3.2430784
55.9521439,-3.2430447
55.9519476,-3.2427236
55.9519088,-3.2426461
55.9518552,-3.2425076
55.9518332,-3.2424423
55.9518152,-3.2423691
55.9518007,-3.2422748
55.9517958,-3.2422099
55.9517952,-3.2421299
55.9517987,-3.2420677
55.9518064,-3.2420028
55.9518574,-3.2415687
55.9520577,-3.2399559
55.9520940,-3.2396536
55.9521039,-3.2395877
55.9521165,-3.2395451
55.9521311,-3.2395141
55.9521500,-3.2394872
55.9521650,-3.2394727
55.9521813,-3.2394621
oneway: false
road_type: residential
speed: 20
lanes: 2
cycleway: no
     
way id: 4803058
55.9575152,-3.2497068
55.9574755,-3.2497616
55.9573394,-3.2499461
oneway: false
road_type: tertiary
speed: 20
lanes: undefined
cycleway: no
     
way id: 4830067
55.9609343,-3.2291209
55.9610636,-3.2285826
55.9613852,-3.2270972
55.9616359,-3.2259326
55.9618708,-3.2248415
55.9622552,-3.2230527
55.9623952,-3.2223799
55.9626209,-3.2212826
oneway: false
road_type: unclassified
speed: 20
lanes: 2
cycleway: no
     
way id: 4878397
55.9606709,-3.2490096
55.9607033,-3.2484581
oneway: false
road_type: primary
speed: 30
lanes: 4
cycleway: no
     
way id: 4882511
55.9572803,-3.2491025
55.9573289,-3.2490554
55.9574205,-3.2489666
55.9576083,-3.2487846
55.9576789,-3.2487161
55.9576849,-3.2487084
55.9577412,-3.2486363
55.9577841,-3.2485724
55.9578223,-3.2484997
55.9578707,-3.2483936
55.9579147,-3.2482851
55.9579540,-3.2481752
55.9579897,-3.2480584
55.9580364,-3.2478757
55.9580864,-3.2476930
55.9581536,-3.2474771
55.9582059,-3.2473283
55.9582617,-3.2471849
55.9583038,-3.2470827
55.9583488,-3.2469880
55.9584528,-3.2468152
55.9584931,-3.2467429
55.9585271,-3.2466578
55.9585491,-3.2465905
55.9585678,-3.2465177
55.9585789,-3.2464622
55.9585869,-3.2464109
55.9585942,-3.2463460
55.9585985,-3.2462792
55.9586000,-3.2459024
55.9585970,-3.2458689
55.9585916,-3.2458358
55.9585844,-3.2458053
55.9585746,-3.2457748
55.9585632,-3.2457475
55.9585498,-3.2457225
55.9585344,-3.2457002
55.9585186,-3.2456825
55.9583878,-3.2455637
55.9582776,-3.2454628
55.9581904,-3.2454000
55.9580999,-3.2453480
55.9580397,-3.2453252
55.9579772,-3.2453175
55.9579154,-3.2453129
55.9578486,-3.2453178
55.9577937,-3.2453236
55.9577376,-3.2453437
55.9576324,-3.2453994
55.9575840,-3.2454293
55.9575347,-3.2454797
55.9575054,-3.2455341
55.9574713,-3.2456028
55.9574158,-3.2457307
55.9573638,-3.2458780
55.9573218,-3.2460258
55.9573056,-3.2461047
55.9572056,-3.2468255
55.9571825,-3.2469130
55.9571547,-3.2469911
55.9571057,-3.2470919
55.9570486,-3.2471780
55.9570110,-3.2472255
55.9569904,-3.2472515
55.9569388,-3.2473098
55.9568999,-3.2473512
55.9568602,-3.2473797
55.9567943,-3.2474073
oneway: false
road_type: residential
speed: 20
lanes: undefined
cycleway: no
     
way id: 4882512
55.9576324,-3.2453994
55.9576482,-3.2454551
55.9577043,-3.2456517
55.9578309,-3.2460955
oneway: false
road_type: residential
speed: 20
lanes: undefined
cycleway: no
     
way id: 4882513
55.9575347,-3.2454797
55.9574666,-3.2453925
55.9574515,-3.2453812
55.9574354,-3.2453775
55.9574192,-3.2453816
55.9572918,-3.2454376
55.9572420,-3.2454082
55.9572100,-3.2453882
55.9571694,-3.2453667
55.9571272,-3.2453485
55.9571022,-3.2453400
55.9570889,-3.2453354
55.9570513,-3.2453257
55.9570073,-3.2453184
55.9569564,-3.2453150
55.9569175,-3.2453162
55.9568884,-3.2453192
55.9568537,-3.2453252
oneway: false
road_type: residential
speed: 20
lanes: undefined
cycleway: no
     
way id: 4892131
55.9565686,-3.2445647
55.9564559,-3.2440267
oneway: false
road_type: primary
speed: 30
lanes: undefined
cycleway: no
     
way id: 4892132
55.9564559,-3.2440267
55.9563717,-3.2436247
55.9563452,-3.2434907
55.9562566,-3.2430418
55.9562532,-3.2430121
55.9562082,-3.2426156
oneway: false
road_type: primary
speed: 30
lanes: undefined
cycleway: no
     
way id: 4906108
55.9659192,-3.2594277
55.9658278,-3.2594265
55.9656152,-3.2594635
55.9654849,-3.2595705
55.9652095,-3.2598754
55.9651424,-3.2598982
55.9650444,-3.2597559
55.9649143,-3.2594969
55.9648860,-3.2594270
55.9648658,-3.2593559
55.9647276,-3.2593687
55.9646147,-3.2593095
55.9645447,-3.2592186
55.9644932,-3.2591165
55.9642852,-3.2584563
55.9641322,-3.2579707
55.9639041,-3.2572404
55.9637606,-3.2567809
55.9636511,-3.2564256
55.9633728,-3.2555189
55.9631789,-3.2549202
55.9631134,-3.2547104
55.9630386,-3.2544864
55.9629431,-3.2541752
55.9626674,-3.2533124
55.9625289,-3.2528670
55.9624061,-3.2524777
55.9623314,-3.2522392
55.9623027,-3.2520577
55.9622690,-3.2518543
55.9622171,-3.2513872
55.9622006,-3.2509741
55.9622081,-3.2506630
55.9622291,-3.2504028
55.9622736,-3.2500424
55.9622997,-3.2498503
55.9625176,-3.2482370
55.9625288,-3.2481543
oneway: false
road_type: residential
speed: 20
lanes: undefined
cycleway: no
     
way id: 4906110
55.9622736,-3.2500424
55.9620067,-3.2499626
oneway: false
road_type: residential
speed: 20
lanes: undefined
cycleway: no
     
way id: 4906119
55.9616605,-3.2548069
55.9616924,-3.2548065
55.9617412,-3.2548000
55.9617911,-3.2547855
55.9620150,-3.2547014
oneway: false
road_type: residential
speed: 20
lanes: 2
cycleway: no
     
way id: 4906121
55.9607657,-3.2570855
55.9608362,-3.2570812
55.9608717,-3.2570802
55.9609049,-3.2570808
55.9609288,-3.2570836
55.9609507,-3.2570876
55.9609827,-3.2570959
55.9610280,-3.2571133
55.9610621,-3.2570698
55.9611680,-3.2569397
55.9612458,-3.2568361
55.9613197,-3.2567257
55.9613820,-3.2566050
55.9614300,-3.2564615
55.9614667,-3.2562936
55.9615668,-3.2557478
55.9615944,-3.2555415
55.9616226,-3.2553087
55.9616462,-3.2550681
55.9616552,-3.2549434
55.9616605,-3.2548069
55.9616615,-3.2546440
55.9616590,-3.2544707
55.9616530,-3.2543198
55.9616440,-3.2541461
55.9616342,-3.2540194
55.9616212,-3.2538884
55.9616342,-3.2538404
55.9616443,-3.2537865
55.9616488,-3.2537489
55.9616513,-3.2537139
55.9616522,-3.2536738
55.9616511,-3.2536354
55.9616480,-3.2535976
55.9616433,-3.2535614
55.9616376,-3.2535298
55.9616296,-3.2534953
55.9616180,-3.2534562
55.9616052,-3.2534218
55.9615929,-3.2533945
55.9615763,-3.2533635
55.9615630,-3.2533429
55.9615443,-3.2533183
55.9615310,-3.2531953
55.9615100,-3.2530558
55.9614480,-3.2527200
55.9613823,-3.2524389
55.9613032,-3.2521481
55.9612299,-3.2519172
55.9611548,-3.2517254
55.9610791,-3.2515672
55.9610008,-3.2514391
55.9609397,-3.2513614
55.9608674,-3.2512906
55.9608177,-3.2512558
55.9607890,-3.2512389
55.9607572,-3.2512227
55.9606875,-3.2511961
55.9606488,-3.2511865
55.9605901,-3.2511787
oneway: false
road_type: residential
speed: 20
lanes: undefined
cycleway: no
     
way id: 4906124
55.9620955,-3.2576875
55.9621042,-3.2576371
55.9624047,-3.2558879
oneway: false
road_type: residential
speed: 20
lanes: undefined
cycleway: no
     
way id: 4906370
55.9615443,-3.2533183
55.9615323,-3.2533838
55.9615261,-3.2534320
55.9615230,-3.2534753
55.9615221,-3.2535095
55.9615226,-3.2535448
55.9615241,-3.2535751
55.9615276,-3.2536127
55.9615343,-3.2536588
55.9615434,-3.2537031
55.9615545,-3.2537443
55.9615714,-3.2537927
55.9615902,-3.2538349
55.9616070,-3.2538657
55.9616212,-3.2538884
oneway: false
road_type: residential
speed: 20
lanes: undefined
cycleway: no
     
way id: 4943038
55.9515294,-3.2371397
55.9516331,-3.2363139
oneway: false
road_type: tertiary
speed: 20
lanes: 2
cycleway: no
     
way id: 4946444
55.9503341,-3.2509245
55.9504063,-3.2498537
55.9505154,-3.2481089
55.9505752,-3.2472546
55.9506219,-3.2465437
55.9507014,-3.2453347
55.9507344,-3.2448527
55.9507514,-3.2445976
55.9508455,-3.2432978
55.9508626,-3.2430608
oneway: false
road_type: tertiary
speed: 20
lanes: 2
cycleway: no
     
way id: 4967098
55.9561284,-3.2539504
55.9561637,-3.2539490
55.9570589,-3.2539142
55.9570727,-3.2539136
55.9577447,-3.2538875
55.9579796,-3.2538783
55.9580249,-3.2538766
oneway: false
road_type: residential
speed: 20
lanes: undefined
cycleway: no
     
way id: 4967103
55.9580403,-3.2510699
55.9579881,-3.2511444
55.9578980,-3.2512733
55.9578080,-3.2514067
55.9576616,-3.2516114
55.9575176,-3.2518244
55.9574714,-3.2519073
55.9574316,-3.2519867
55.9573971,-3.2520601
55.9573640,-3.2521353
55.9573263,-3.2522269
55.9572901,-3.2523221
55.9572328,-3.2524908
55.9571989,-3.2526092
55.9571694,-3.2527319
55.9571379,-3.2528685
55.9571173,-3.2529864
55.9571072,-3.2530553
55.9570979,-3.2531249
55.9570913,-3.2531792
55.9570845,-3.2532404
55.9570791,-3.2532950
55.9570745,-3.2533464
55.9570686,-3.2534238
55.9570646,-3.2535155
55.9570616,-3.2536091
55.9570594,-3.2538435
55.9570589,-3.2539142
oneway: false
road_type: residential
speed: 20
lanes: undefined
cycleway: no
     
way id: 4967106
55.9600157,-3.2587668
55.9599826,-3.2586909
55.9598389,-3.2583614
55.9593629,-3.2572736
55.9588290,-3.2559649
55.9580958,-3.2541660
55.9580569,-3.2540573
55.9580377,-3.2539708
55.9580249,-3.2538766
55.9580156,-3.2537549
55.9580152,-3.2536304
55.9580216,-3.2534960
55.9580364,-3.2533725
55.9580678,-3.2532318
55.9580895,-3.2531500
55.9581036,-3.2531143
55.9581216,-3.2530685
55.9581710,-3.2529710
55.9582412,-3.2528684
55.9583201,-3.2527650
55.9585213,-3.2524997
55.9585881,-3.2524118
oneway: false
road_type: residential
speed: 20
lanes: undefined
cycleway: no
     
way id: 4967111
55.9573826,-3.2566702
55.9574072,-3.2566398
55.9577322,-3.2562669
oneway: false
road_type: residential
speed: 20
lanes: undefined
cycleway: no
     
way id: 4967123
55.9588290,-3.2559649
55.9588601,-3.2559256
55.9590653,-3.2556680
55.9593659,-3.2552962
55.9595590,-3.2550574
55.9596221,-3.2549789
oneway: false
road_type: residential
speed: 20
lanes: undefined
cycleway: no
     
way id: 4967125
55.9588933,-3.2531865
55.9589472,-3.2531161
55.9591316,-3.2528755
55.9592700,-3.2526979
55.9596252,-3.2522419
55.9599803,-3.2517860
55.9604146,-3.2512284
55.9604259,-3.2512164
55.9604369,-3.2512062
55.9604528,-3.2511940
55.9604692,-3.2511844
55.9604888,-3.2511763
55.9605091,-3.2511718
55.9605295,-3.2511709
55.9605901,-3.2511787
oneway: false
road_type: residential
speed: 20
lanes: undefined
cycleway: no
     
way id: 4967127
55.9596252,-3.2522419
55.9596019,-3.2521839
55.9594585,-3.2518269
55.9587529,-3.2500696
55.9586106,-3.2497220
55.9585893,-3.2496700
oneway: false
road_type: residential
speed: 20
lanes: undefined
cycleway: no
     
way id: 4967128
55.9578530,-3.2505997
55.9579010,-3.2505392
55.9581034,-3.2502836
55.9582296,-3.2501242
55.9585893,-3.2496700
55.9589456,-3.2492093
55.9592600,-3.2488044
55.9592665,-3.2487963
55.9597884,-3.2481319
55.9598693,-3.2480334
55.9601036,-3.2477297
oneway: false
road_type: residential
speed: 20
lanes: undefined
cycleway: no
     
way id: 4967129
55.9604369,-3.2512062
55.9604150,-3.2511459
55.9603838,-3.2510606
55.9603616,-3.2510052
55.9603465,-3.2509722
55.9603241,-3.2509409
55.9602932,-3.2509119
55.9602233,-3.2508572
55.9600816,-3.2507351
55.9599779,-3.2505828
55.9594524,-3.2492613
55.9594331,-3.2492131
55.9592971,-3.2488731
55.9592665,-3.2487963
oneway: false
road_type: residential
speed: 20
lanes: undefined
cycleway: no
     
way id: 4967135
55.9606238,-3.2499035
55.9605640,-3.2498505
55.9604918,-3.2497865
55.9604566,-3.2497470
55.9604216,-3.2496956
55.9603979,-3.2496516
55.9603750,-3.2495988
55.9602282,-3.2492103
55.9599728,-3.2485899
55.9597884,-3.2481319
oneway: false
road_type: residential
speed: 20
lanes: undefined
cycleway: no
     
way id: 4967137
55.9609022,-3.2462808
55.9608400,-3.2462313
55.9606184,-3.2460547
55.9602701,-3.2457765
55.9596880,-3.2453096
55.9596377,-3.2452799
55.9593452,-3.2451677
55.9593163,-3.2451564
55.9592927,-3.2451368
55.9592754,-3.2451129
55.9592553,-3.2450662
oneway: false
road_type: residential
speed: 20
lanes: undefined
cycleway: no
     
way id: 5038804
55.9601221,-3.2436725
55.9605318,-3.2421257
55.9606745,-3.2415282
55.9607029,-3.2413723
55.9607246,-3.2411802
55.9607414,-3.2409763
55.9607437,-3.2407014
55.9607382,-3.2404798
55.9607214,-3.2402533
55.9606926,-3.2399881
55.9606325,-3.2396521
55.9605856,-3.2394350
55.9605313,-3.2392433
55.9604368,-3.2390066
55.9603460,-3.2387455
55.9602723,-3.2385162
55.9602059,-3.2382555
55.9601181,-3.2376939
55.9600948,-3.2374694
55.9600771,-3.2372099
55.9600724,-3.2369725
55.9600774,-3.2367458
55.9600873,-3.2365826
55.9601056,-3.2364313
55.9603298,-3.2346621
55.9603393,-3.2345732
55.9603457,-3.2344757
55.9604023,-3.2336092
55.9605403,-3.2317143
55.9607905,-3.2296646
55.9608187,-3.2295731
55.9608492,-3.2294617
oneway: false
road_type: residential
speed: 20
lanes: 2
cycleway: no
     
way id: 5042023
55.9563464,-3.2347379
55.9563193,-3.2346651
55.9562276,-3.2344103
55.9561367,-3.2341769
55.9560145,-3.2338378
55.9559706,-3.2337254
55.9559258,-3.2336226
55.9558914,-3.2335689
55.9558595,-3.2335228
55.9557897,-3.2334400
55.9556395,-3.2332715
55.9554866,-3.2330970
55.9553984,-3.2330012
55.9553101,-3.2328826
55.9552730,-3.2328232
oneway: false
road_type: residential
speed: 20
lanes: 2
cycleway: no
     
way id: 5042027
55.9546033,-3.2341083
55.9546367,-3.2340948
55.9546703,-3.2340761
55.9546901,-3.2340576
55.9547028,-3.2340387
55.9547109,-3.2340169
55.9547381,-3.2339323
55.9547654,-3.2338343
55.9548029,-3.2337159
55.9548354,-3.2336132
55.9548771,-3.2335052
55.9549189,-3.2334004
55.9549631,-3.2333041
55.9550151,-3.2332163
55.9552730,-3.2328232
55.9553712,-3.2326659
55.9554654,-3.2325095
55.9555547,-3.2323378
55.9556472,-3.2321443
55.9557357,-3.2319270
55.9563651,-3.2300648
55.9569855,-3.2282058
55.9571510,-3.2277133
55.9572234,-3.2274849
55.9573096,-3.2272707
55.9573919,-3.2270926
55.9574692,-3.2269564
55.9575524,-3.2268168
55.9576190,-3.2267235
55.9576723,-3.2266585
55.9577279,-3.2265989
55.9577780,-3.2265515
55.9578284,-3.2265095
55.9579029,-3.2264571
55.9579482,-3.2264304
55.9579887,-3.2264097
55.9580288,-3.2263921
55.9580925,-3.2263698
55.9582113,-3.2263445
55.9582834,-3.2263282
oneway: false
road_type: residential
speed: 20
lanes: 2
cycleway: no
     
way id: 5042032
55.9559258,-3.2336226
55.9559476,-3.2335804
55.9560280,-3.2334103
55.9561087,-3.2332244
55.9561986,-3.2330119
55.9562932,-3.2327712
55.9563737,-3.2325597
55.9564579,-3.2323260
55.9565438,-3.2320784
55.9566237,-3.2318399
55.9568458,-3.2311449
55.9569592,-3.2307759
55.9570176,-3.2305934
55.9570750,-3.2304231
55.9571238,-3.2303156
55.9571827,-3.2302173
55.9572388,-3.2301381
55.9572741,-3.2301000
55.9573117,-3.2300675
55.9573556,-3.2300379
55.9573881,-3.2300248
55.9574232,-3.2300248
55.9574634,-3.2300358
55.9575228,-3.2300611
55.9577225,-3.2301829
55.9577573,-3.2302041
oneway: false
road_type: residential
speed: 20
lanes: 2
cycleway: no
     
way id: 5042035
55.9580190,-3.2287833
55.9575856,-3.2285369
55.9570391,-3.2282262
55.9569855,-3.2282058
55.9569344,-3.2281863
55.9568938,-3.2281545
55.9568519,-3.2281216
55.9567609,-3.2280688
55.9565800,-3.2279674
55.9562307,-3.2277589
55.9562021,-3.2277419
oneway: false
road_type: residential
speed: 20
lanes: 2
cycleway: no
     
way id: 5043041
55.9588953,-3.2379873
55.9589169,-3.2379207
55.9589669,-3.2377818
55.9590025,-3.2376760
55.9590387,-3.2375684
55.9590716,-3.2374534
55.9591014,-3.2373398
55.9591284,-3.2372305
55.9591466,-3.2371450
55.9591681,-3.2370269
55.9591916,-3.2368907
55.9592059,-3.2367900
55.9592182,-3.2366933
55.9592314,-3.2365848
55.9592398,-3.2365119
55.9594620,-3.2345903
55.9595614,-3.2338028
55.9596193,-3.2333995
55.9596676,-3.2330836
55.9596845,-3.2329801
55.9597003,-3.2329016
55.9597235,-3.2328045
55.9597463,-3.2327233
55.9597715,-3.2326451
55.9598018,-3.2325627
55.9598296,-3.2324960
55.9598589,-3.2324325
55.9598909,-3.2323704
55.9599288,-3.2323046
55.9600357,-3.2321286
55.9601123,-3.2320237
55.9601674,-3.2319534
55.9602172,-3.2318995
55.9602572,-3.2318622
55.9602989,-3.2318283
55.9603478,-3.2317947
55.9603860,-3.2317727
55.9605105,-3.2317256
55.9605403,-3.2317143
oneway: false
road_type: residential
speed: 20
lanes: 2
cycleway: no
     
way id: 5043043
55.9592398,-3.2365119
55.9592008,-3.2365132
55.9591289,-3.2365261
55.9590701,-3.2365389
55.9589721,-3.2365466
55.9589032,-3.2365364
55.9588641,-3.2365258
55.9588221,-3.2365063
55.9587749,-3.2364741
55.9587347,-3.2364423
55.9586860,-3.2363857
55.9586352,-3.2363245
55.9585964,-3.2362573
55.9585676,-3.2361964
55.9585393,-3.2361338
55.9585138,-3.2360831
55.9584791,-3.2360289
55.9584405,-3.2359715
55.9584013,-3.2359284
55.9583360,-3.2358408
55.9582808,-3.2357604
55.9582065,-3.2356745
55.9581234,-3.2355889
55.9580189,-3.2355051
55.9579704,-3.2354711
55.9579192,-3.2354434
55.9578908,-3.2354342
oneway: false
road_type: residential
speed: 20
lanes: 2
cycleway: no
     
way id: 5043051
55.9621666,-3.2389115
55.9620926,-3.2388968
55.9619893,-3.2388678
55.9618837,-3.2388284
55.9617433,-3.2387690
55.9616176,-3.2387156
55.9611860,-3.2385519
55.9607830,-3.2383896
55.9607133,-3.2383673
55.9606470,-3.2383466
55.9605046,-3.2383131
55.9603302,-3.2382780
55.9602438,-3.2382596
55.9602059,-3.2382555
oneway: false
road_type: residential
speed: 20
lanes: 2
cycleway: no
     
way id: 5043052
55.9564176,-3.2385064
55.9564600,-3.2385198
55.9564913,-3.2385301
55.9568273,-3.2386689
oneway: false
road_type: residential
speed: 20
lanes: undefined
cycleway: no
     
way id: 5044626
55.9521503,-3.2478999
55.9521727,-3.2478180
55.9523287,-3.2472473
55.9525830,-3.2462266
55.9527416,-3.2455463
55.9528179,-3.2452451
55.9528359,-3.2451633
55.9528398,-3.2451218
55.9528399,-3.2450750
55.9528352,-3.2450273
55.9527384,-3.2446273
55.9527251,-3.2445723
oneway: false
road_type: residential
speed: 20
lanes: undefined
cycleway: no
     
way id: 5044786
55.9521851,-3.2446092
55.9521815,-3.2446837
55.9521764,-3.2447463
55.9521727,-3.2447776
55.9521682,-3.2448060
55.9521579,-3.2448546
55.9521012,-3.2450851
55.9518812,-3.2459698
55.9518434,-3.2461197
55.9515931,-3.2470956
55.9515356,-3.2473205
55.9514380,-3.2477235
55.9514225,-3.2477875
oneway: false
road_type: residential
speed: 20
lanes: undefined
cycleway: no
     
way id: 5044866
55.9521503,-3.2478999
55.9521375,-3.2479343
55.9521229,-3.2479593
55.9521071,-3.2479772
55.9520909,-3.2479886
55.9520790,-3.2479924
55.9520649,-3.2479933
55.9520460,-3.2479933
55.9520236,-3.2479902
55.9517625,-3.2479031
55.9514225,-3.2477875
55.9512789,-3.2477389
55.9510881,-3.2476712
55.9509908,-3.2476356
55.9509475,-3.2476110
55.9509146,-3.2475896
55.9508802,-3.2475646
55.9507997,-3.2474954
55.9507177,-3.2474072
55.9506132,-3.2472953
55.9505752,-3.2472546
oneway: false
road_type: residential
speed: 20
lanes: undefined
cycleway: no
     
way id: 5045008
55.9511382,-3.2405565
55.9511055,-3.2405220
55.9508998,-3.2403054
55.9507449,-3.2401436
55.9506676,-3.2400629
55.9502775,-3.2396555
55.9501848,-3.2395587
55.9499451,-3.2392989
55.9497418,-3.2390787
55.9496239,-3.2389510
55.9493793,-3.2386967
55.9493135,-3.2386283
55.9492169,-3.2385255
55.9491938,-3.2384985
55.9491763,-3.2384722
55.9491593,-3.2384334
55.9491433,-3.2383763
55.9491377,-3.2383505
55.9491210,-3.2382729
oneway: false
road_type: residential
speed: 20
lanes: undefined
cycleway: no
     
way id: 5045012
55.9514492,-3.2378403
55.9514045,-3.2378089
55.9513595,-3.2377747
55.9512845,-3.2377116
55.9511783,-3.2376086
55.9507629,-3.2371848
55.9507066,-3.2371272
55.9505433,-3.2369681
55.9500658,-3.2365029
55.9495910,-3.2360404
55.9494594,-3.2359125
55.9488373,-3.2353078
oneway: false
road_type: residential
speed: 20
lanes: undefined
cycleway: no
     
way id: 5229446
55.9638523,-3.2489000
55.9633018,-3.2485865
55.9625288,-3.2481543
55.9621063,-3.2479091
55.9617229,-3.2476939
55.9608031,-3.2471771
oneway: false
road_type: tertiary
speed: 20
lanes: undefined
cycleway: no
     
way id: 5230059
55.9614897,-3.2493853
55.9615878,-3.2486285
55.9616919,-3.2479195
55.9617229,-3.2476939
oneway: false
road_type: residential
speed: 20
lanes: undefined
cycleway: no
     
way id: 5247548
55.9607414,-3.2409763
55.9607760,-3.2409811
55.9609430,-3.2410044
55.9609907,-3.2409997
55.9610444,-3.2409832
55.9610964,-3.2409512
55.9611466,-3.2409079
55.9611917,-3.2408486
55.9612218,-3.2407977
55.9612536,-3.2407176
55.9612742,-3.2406477
55.9613450,-3.2402370
55.9613873,-3.2399940
55.9614085,-3.2398761
55.9614279,-3.2398304
55.9614457,-3.2398009
55.9614746,-3.2397677
oneway: false
road_type: residential
speed: 20
lanes: undefined
cycleway: no
     
way id: 5247550
55.9606325,-3.2396521
55.9605967,-3.2396743
55.9604684,-3.2397542
55.9602458,-3.2398891
55.9601875,-3.2399269
55.9601307,-3.2399482
55.9600827,-3.2399454
55.9600470,-3.2399186
55.9600162,-3.2398744
55.9596741,-3.2391658
oneway: false
road_type: residential
speed: 20
lanes: undefined
cycleway: no
     
way id: 5247551
55.9593591,-3.2387641
55.9594248,-3.2388856
55.9594643,-3.2389684
55.9594695,-3.2389797
55.9594936,-3.2390330
55.9595320,-3.2390914
55.9595624,-3.2391242
55.9595873,-3.2391455
55.9596741,-3.2391658
oneway: true
road_type: residential
speed: 20
lanes: undefined
cycleway: no
     
way id: 5247553
55.9601435,-3.2462596
55.9602563,-3.2458224
55.9602701,-3.2457765
oneway: false
road_type: residential
speed: 20
lanes: undefined
cycleway: no
     
way id: 5247555
55.9602701,-3.2457765
55.9602838,-3.2457158
55.9603996,-3.2452671
oneway: false
road_type: residential
speed: 20
lanes: undefined
cycleway: no
     
way id: 5352827
55.9622276,-3.2472893
55.9621960,-3.2474163
55.9621195,-3.2478364
55.9621063,-3.2479091
oneway: false
road_type: residential
speed: 20
lanes: undefined
cycleway: no
     
way id: 5735209
55.9539122,-3.2225029
55.9536491,-3.2236033
55.9534470,-3.2244523
55.9533844,-3.2247295
55.9533194,-3.2250182
55.9532438,-3.2253982
55.9531706,-3.2257832
55.9530292,-3.2265973
55.9529223,-3.2272496
55.9529004,-3.2273912
55.9528840,-3.2275291
oneway: false
road_type: residential
speed: 20
lanes: 2
cycleway: no
     
way id: 5735265
55.9523922,-3.2311325
55.9523531,-3.2310773
55.9522209,-3.2308597
55.9517036,-3.2300082
55.9515336,-3.2297281
55.9515270,-3.2297096
55.9515241,-3.2296918
55.9515240,-3.2296686
55.9515261,-3.2296535
55.9515362,-3.2296225
55.9518212,-3.2289360
55.9519176,-3.2287037
55.9521529,-3.2281369
55.9525850,-3.2270891
oneway: false
road_type: residential
speed: 20
lanes: undefined
cycleway: no
     
way id: 5735415
55.9546134,-3.2343932
55.9545534,-3.2346303
55.9544182,-3.2350799
oneway: true
road_type: residential
speed: 20
lanes: undefined
cycleway: no
     
way id: 5735419
55.9544182,-3.2350799
55.9544650,-3.2350377
55.9544995,-3.2350127
55.9545342,-3.2349923
55.9545847,-3.2349704
55.9546524,-3.2349547
oneway: true
road_type: residential
speed: 20
lanes: undefined
cycleway: no
     
way id: 5735503
55.9529083,-3.2340923
55.9529424,-3.2340252
55.9529619,-3.2339825
55.9529808,-3.2339305
55.9529920,-3.2338920
55.9530034,-3.2338422
55.9530172,-3.2337729
55.9530312,-3.2336992
55.9530438,-3.2336193
55.9530556,-3.2335378
55.9530734,-3.2333941
55.9530911,-3.2332355
55.9531119,-3.2330258
55.9531187,-3.2329210
55.9531239,-3.2327937
55.9531338,-3.2318841
55.9531469,-3.2311344
55.9531503,-3.2310281
55.9531548,-3.2309335
55.9531622,-3.2308157
55.9531705,-3.2307125
55.9531808,-3.2306093
55.9531932,-3.2305091
55.9532076,-3.2304101
55.9532339,-3.2302579
55.9532612,-3.2301259
55.9533017,-3.2299633
55.9533433,-3.2298274
55.9533803,-3.2297263
55.9534471,-3.2295556
55.9534825,-3.2294697
55.9535181,-3.2293935
55.9535350,-3.2293583
55.9535491,-3.2293333
55.9535626,-3.2293122
55.9535808,-3.2292856
55.9536257,-3.2292249
oneway: false
road_type: residential
speed: 20
lanes: undefined
cycleway: no
     
way id: 5735507
55.9517716,-3.2353487
55.9517325,-3.2353379
55.9514468,-3.2352065
55.9514302,-3.2351966
55.9514154,-3.2351824
55.9514019,-3.2351632
55.9508841,-3.2343380
oneway: false
road_type: residential
speed: 20
lanes: undefined
cycleway: no
     
way id: 5735546
55.9540629,-3.2404555
55.9540006,-3.2403523
55.9538745,-3.2400799
55.9537313,-3.2397198
55.9535993,-3.2392915
55.9535359,-3.2390460
55.9534863,-3.2388579
55.9534474,-3.2386519
55.9534161,-3.2383597
55.9534088,-3.2380439
55.9534092,-3.2377889
55.9534187,-3.2374479
55.9534508,-3.2369831
55.9535368,-3.2363352
55.9536047,-3.2358963
55.9536169,-3.2358104
oneway: false
road_type: residential
speed: 20
lanes: undefined
cycleway: no
     
way id: 5735571
55.9535993,-3.2392915
55.9535405,-3.2393200
55.9535016,-3.2393317
55.9534624,-3.2393344
55.9534193,-3.2393159
55.9533625,-3.2392748
55.9532894,-3.2391885
55.9532062,-3.2390478
55.9531226,-3.2388782
55.9530229,-3.2386699
55.9529485,-3.2384811
55.9528865,-3.2383140
55.9528115,-3.2380802
55.9527454,-3.2378437
55.9526852,-3.2375891
55.9526456,-3.2373709
55.9526098,-3.2371421
55.9525795,-3.2368987
55.9525655,-3.2366912
55.9525607,-3.2364651
55.9525707,-3.2361611
55.9525827,-3.2359220
55.9526172,-3.2356346
55.9526634,-3.2353398
55.9527223,-3.2350134
55.9528025,-3.2346288
55.9528463,-3.2344757
55.9528697,-3.2344068
55.9528941,-3.2343422
55.9529186,-3.2342835
55.9529562,-3.2342012
oneway: false
road_type: residential
speed: 20
lanes: undefined
cycleway: no
     
way id: 5735585
55.9548009,-3.2399479
55.9545507,-3.2394957
55.9544996,-3.2393924
55.9544500,-3.2392739
55.9544010,-3.2391518
55.9543050,-3.2388846
55.9542524,-3.2387280
55.9542077,-3.2385706
55.9541671,-3.2384008
55.9541308,-3.2382081
55.9541132,-3.2380681
55.9541005,-3.2379110
55.9540908,-3.2377324
55.9540850,-3.2375796
55.9540846,-3.2374720
55.9540864,-3.2373689
55.9540906,-3.2372629
55.9540976,-3.2371519
55.9541074,-3.2370419
55.9541276,-3.2368783
55.9542205,-3.2363158
55.9542404,-3.2361772
55.9542560,-3.2360264
55.9542658,-3.2358939
55.9542786,-3.2357591
55.9542819,-3.2357150
55.9542818,-3.2356729
55.9542794,-3.2356396
55.9542747,-3.2356046
55.9542562,-3.2354979
oneway: false
road_type: residential
speed: 20
lanes: undefined
cycleway: no
     
way id: 5735889
55.9565504,-3.2479758
55.9565698,-3.2478213
55.9565770,-3.2477114
55.9565796,-3.2476122
55.9565785,-3.2475131
55.9565407,-3.2468235
55.9564588,-3.2454261
55.9564449,-3.2451972
55.9564374,-3.2450985
55.9564347,-3.2450715
55.9564282,-3.2450418
55.9564142,-3.2450071
55.9564025,-3.2449899
55.9563886,-3.2449746
55.9563613,-3.2449555
55.9563334,-3.2449384
55.9562933,-3.2449181
55.9562495,-3.2449012
55.9562194,-3.2448927
55.9561768,-3.2448850
55.9559685,-3.2448513
55.9555605,-3.2449649
oneway: false
road_type: residential
speed: 20
lanes: undefined
cycleway: no
     
way id: 5735964
55.9555415,-3.2446938
55.9555464,-3.2447898
55.9555605,-3.2449649
55.9556920,-3.2466300
55.9556963,-3.2468887
55.9556879,-3.2470275
55.9556796,-3.2471634
55.9556365,-3.2474845
55.9555873,-3.2477465
55.9555545,-3.2478679
55.9555183,-3.2479647
55.9554787,-3.2480375
55.9554304,-3.2481073
oneway: false
road_type: residential
speed: 20
lanes: undefined
cycleway: no
     
way id: 5735999
55.9540110,-3.2487895
55.9540245,-3.2487444
55.9540766,-3.2485700
55.9540838,-3.2485278
55.9540851,-3.2484790
55.9540813,-3.2484424
55.9540746,-3.2484116
55.9539623,-3.2480333
55.9539336,-3.2479548
55.9539166,-3.2479254
55.9538978,-3.2479051
55.9538787,-3.2478932
55.9538568,-3.2478881
55.9538350,-3.2478915
55.9538132,-3.2479061
55.9537280,-3.2479838
55.9536301,-3.2480802
55.9535907,-3.2481249
55.9535500,-3.2481750
55.9534897,-3.2482643
55.9534658,-3.2482919
oneway: false
road_type: residential
speed: 20
lanes: undefined
cycleway: no
     
way id: 5736003
55.9549528,-3.2485932
55.9549417,-3.2485559
55.9548492,-3.2482495
55.9547419,-3.2478939
55.9546732,-3.2476662
oneway: false
road_type: residential
speed: 20
lanes: undefined
cycleway: no
     
way id: 5736029
55.9556365,-3.2474845
55.9555957,-3.2474600
55.9554988,-3.2473881
55.9553191,-3.2472499
55.9552904,-3.2472269
55.9548257,-3.2468545
55.9543228,-3.2464514
55.9534248,-3.2457316
55.9533996,-3.2457115
oneway: false
road_type: residential
speed: 20
lanes: undefined
cycleway: no
     
way id: 5736031
55.9528695,-3.2477475
55.9528798,-3.2477068
55.9530730,-3.2469650
55.9532063,-3.2464535
55.9533996,-3.2457115
55.9535039,-3.2453114
oneway: false
road_type: residential
speed: 20
lanes: undefined
cycleway: no
     
way id: 5736047
55.9530730,-3.2469650
55.9531727,-3.2470472
55.9532055,-3.2470478
55.9532416,-3.2470364
55.9532721,-3.2470177
55.9533058,-3.2469850
55.9533365,-3.2469318
55.9533543,-3.2468791
55.9533646,-3.2468230
55.9533675,-3.2467559
55.9533619,-3.2466925
55.9533514,-3.2466409
55.9533351,-3.2465915
55.9533076,-3.2465381
55.9532063,-3.2464535
oneway: false
road_type: residential
speed: 20
lanes: undefined
cycleway: no
     
way id: 5736062
55.9548821,-3.2450999
55.9548921,-3.2451468
55.9549524,-3.2454285
55.9550053,-3.2456716
oneway: false
road_type: residential
speed: 20
lanes: undefined
cycleway: no
     
way id: 5736090
55.9515906,-3.2457429
55.9515986,-3.2456873
55.9515961,-3.2456300
55.9515832,-3.2455774
55.9515616,-3.2455350
55.9515334,-3.2455075
55.9515017,-3.2454978
55.9514699,-3.2455071
55.9514416,-3.2455342
55.9514198,-3.2455763
55.9514067,-3.2456288
55.9514040,-3.2456860
55.9514118,-3.2457417
55.9514292,-3.2457899
55.9514545,-3.2458253
55.9514849,-3.2458441
55.9515170,-3.2458444
55.9515475,-3.2458259
55.9515729,-3.2457908
55.9515906,-3.2457429
oneway: false
road_type: residential
speed: 20
lanes: undefined
cycleway: no
     
way id: 5736110
55.9515906,-3.2457429
55.9516615,-3.2457982
55.9518469,-3.2459430
55.9518812,-3.2459698
oneway: false
road_type: residential
speed: 20
lanes: undefined
cycleway: no
     
way id: 5775625
55.9558368,-3.2228847
55.9558166,-3.2229437
55.9557982,-3.2230047
55.9557809,-3.2230690
55.9557729,-3.2231119
55.9557658,-3.2231569
55.9557610,-3.2231944
55.9557574,-3.2232292
55.9557521,-3.2233071
55.9557454,-3.2234508
55.9557128,-3.2242424
55.9556902,-3.2246260
55.9556561,-3.2252228
55.9556381,-3.2256243
55.9556333,-3.2257263
55.9556310,-3.2257893
55.9556295,-3.2258474
55.9556272,-3.2262927
55.9556261,-3.2263838
55.9556241,-3.2264716
55.9556218,-3.2265394
55.9556191,-3.2266050
55.9555697,-3.2275357
55.9555068,-3.2289105
55.9554666,-3.2296812
55.9554438,-3.2301430
55.9554400,-3.2301699
55.9554359,-3.2301910
55.9554286,-3.2302201
55.9554203,-3.2302453
55.9553382,-3.2304954
55.9553203,-3.2305379
55.9553104,-3.2305549
55.9553017,-3.2305656
55.9552902,-3.2305756
55.9552792,-3.2305814
55.9552662,-3.2305844
55.9552506,-3.2305826
55.9552373,-3.2305762
55.9552194,-3.2305639
55.9552058,-3.2305522
55.9551000,-3.2304610
55.9550862,-3.2304409
55.9550766,-3.2304194
55.9550694,-3.2303949
55.9550647,-3.2303637
55.9550720,-3.2301838
55.9550772,-3.2300561
55.9550830,-3.2299142
55.9551067,-3.2294321
55.9551254,-3.2290529
55.9551326,-3.2289057
oneway: false
road_type: residential
speed: 20
lanes: 2
cycleway: no
     
way id: 5775652
55.9556381,-3.2256243
55.9556660,-3.2256277
55.9557979,-3.2256417
55.9560244,-3.2256658
55.9560428,-3.2256616
55.9560659,-3.2256511
55.9560873,-3.2256371
55.9561157,-3.2256111
55.9561440,-3.2255749
55.9561652,-3.2255386
55.9561881,-3.2254857
55.9564354,-3.2247396
55.9564445,-3.2247195
55.9564554,-3.2247032
55.9564718,-3.2246893
55.9564844,-3.2246789
55.9564970,-3.2246725
55.9565133,-3.2246696
55.9565373,-3.2246743
55.9565576,-3.2246796
55.9565835,-3.2246919
55.9566114,-3.2247062
55.9566282,-3.2247213
55.9566467,-3.2247379
55.9567963,-3.2249162
55.9568540,-3.2249870
55.9568935,-3.2250572
55.9569106,-3.2250930
55.9569307,-3.2251571
55.9569439,-3.2252162
55.9569548,-3.2252909
55.9569585,-3.2253732
55.9569558,-3.2254347
55.9569484,-3.2254954
55.9569388,-3.2255443
55.9569193,-3.2256114
55.9564283,-3.2268357
55.9563946,-3.2269393
55.9563613,-3.2270380
55.9563335,-3.2271342
55.9563027,-3.2272544
55.9562736,-3.2273950
55.9562021,-3.2277419
oneway: false
road_type: residential
speed: 20
lanes: 2
cycleway: no
     
way id: 5775663
55.9556561,-3.2252228
55.9556338,-3.2252193
55.9553464,-3.2251733
55.9553349,-3.2251754
55.9553242,-3.2251819
55.9553096,-3.2252006
55.9553013,-3.2252213
55.9552963,-3.2252478
55.9552691,-3.2257650
55.9552683,-3.2257902
55.9552697,-3.2258161
55.9552734,-3.2258409
55.9552787,-3.2258630
55.9552851,-3.2258820
55.9552943,-3.2259019
55.9554688,-3.2262271
55.9554848,-3.2262476
55.9555010,-3.2262633
55.9555209,-3.2262769
55.9555431,-3.2262859
55.9555664,-3.2262888
55.9555999,-3.2262910
55.9556272,-3.2262927
oneway: false
road_type: residential
speed: 20
lanes: undefined
cycleway: no
     
way id: 5775667
55.9555697,-3.2275357
55.9555436,-3.2275306
55.9554184,-3.2275085
55.9551763,-3.2278614
55.9551621,-3.2281256
55.9551499,-3.2283229
oneway: false
road_type: residential
speed: 20
lanes: undefined
cycleway: no
     
way id: 23165176
55.9546305,-3.2304960
55.9546444,-3.2302587
55.9546480,-3.2301592
55.9546473,-3.2300600
oneway: true
road_type: primary
speed: 30
lanes: 2
cycleway: no
     
way id: 23165842
55.9516331,-3.2363139
55.9516593,-3.2361126
55.9516951,-3.2358639
55.9517716,-3.2353487
55.9520500,-3.2334970
55.9523922,-3.2311325
55.9524611,-3.2306449
55.9524968,-3.2303926
55.9525241,-3.2301987
55.9525357,-3.2301170
55.9525975,-3.2296799
55.9528208,-3.2281410
55.9528450,-3.2279775
55.9528547,-3.2279064
55.9528651,-3.2278149
55.9528724,-3.2277348
55.9528793,-3.2276353
55.9528840,-3.2275291
oneway: false
road_type: tertiary
speed: 20
lanes: 2
cycleway: no
     
way id: 23232321
55.9581345,-3.2376103
55.9581181,-3.2376551
55.9579947,-3.2379916
55.9578982,-3.2382600
55.9577975,-3.2385422
55.9577680,-3.2386009
55.9577428,-3.2386420
55.9576985,-3.2386891
55.9576528,-3.2387184
55.9575990,-3.2387289
55.9575277,-3.2387371
55.9574691,-3.2387319
oneway: false
road_type: residential
speed: 20
lanes: undefined
cycleway: no
     
way id: 23232322
55.9577975,-3.2385422
55.9578202,-3.2385797
55.9581089,-3.2390570
oneway: false
road_type: residential
speed: 20
lanes: undefined
cycleway: no
     
way id: 23232323
55.9593591,-3.2387641
55.9588551,-3.2387161
55.9588083,-3.2387181
55.9587925,-3.2387244
55.9587741,-3.2387427
55.9587567,-3.2387807
55.9587496,-3.2388376
55.9587432,-3.2392216
55.9587484,-3.2393734
55.9587512,-3.2394533
oneway: false
road_type: residential
speed: 20
lanes: undefined
cycleway: no
     
way id: 23232324
55.9596741,-3.2391658
55.9596270,-3.2390337
55.9595928,-3.2389529
55.9595628,-3.2388973
55.9595244,-3.2388408
55.9594896,-3.2388002
55.9594327,-3.2387818
55.9593591,-3.2387641
oneway: true
road_type: residential
speed: 20
lanes: undefined
cycleway: no
     
way id: 23544668
55.9574898,-3.2377774
55.9572236,-3.2380396
55.9571750,-3.2380993
55.9571541,-3.2381149
55.9571392,-3.2381162
55.9571172,-3.2381125
55.9570327,-3.2380587
55.9570118,-3.2380538
55.9569890,-3.2380587
55.9569677,-3.2380715
55.9569511,-3.2380864
55.9569350,-3.2381078
55.9569154,-3.2381488
55.9568997,-3.2382140
55.9568273,-3.2386689
55.9568145,-3.2387597
55.9568111,-3.2388398
55.9568179,-3.2388916
55.9568307,-3.2389320
55.9568496,-3.2389673
55.9568721,-3.2389923
55.9570216,-3.2390858
55.9570423,-3.2390902
55.9570619,-3.2390808
55.9570787,-3.2390572
55.9572065,-3.2387809
55.9572325,-3.2387032
55.9572505,-3.2386196
55.9572999,-3.2386428
oneway: false
road_type: residential
speed: 20
lanes: undefined
cycleway: no
     
way id: 23681954
55.9565229,-3.2511516
55.9564864,-3.2511231
55.9562780,-3.2509603
55.9559095,-3.2506741
oneway: false
road_type: residential
speed: 20
lanes: undefined
cycleway: no
     
way id: 23873320
55.9554304,-3.2481073
55.9554473,-3.2481485
55.9554960,-3.2482674
55.9555223,-3.2483330
55.9555533,-3.2483825
55.9556077,-3.2484345
55.9557177,-3.2484817
55.9558060,-3.2485203
55.9558916,-3.2485564
oneway: false
road_type: residential
speed: 20
lanes: undefined
cycleway: no
     
way id: 23873357
55.9559529,-3.2446097
55.9559685,-3.2448513
55.9560901,-3.2467202
oneway: false
road_type: residential
speed: 20
lanes: undefined
cycleway: no
     
way id: 23882135
55.9592156,-3.2272280
55.9594188,-3.2268258
55.9594338,-3.2267924
55.9594447,-3.2267551
55.9594519,-3.2267112
55.9594539,-3.2266665
55.9594507,-3.2266219
oneway: false
road_type: residential
speed: 30
lanes: undefined
cycleway: no
     
way id: 23882136
55.9582983,-3.2272750
55.9584304,-3.2273498
55.9584545,-3.2273814
55.9584666,-3.2274343
55.9584664,-3.2274835
55.9584560,-3.2275289
55.9584341,-3.2275644
55.9583838,-3.2276310
55.9583452,-3.2277315
55.9582781,-3.2280416
55.9582831,-3.2281116
55.9581542,-3.2288368
oneway: false
road_type: residential
speed: 30
lanes: undefined
cycleway: no
     
way id: 23882506
55.9592600,-3.2488044
55.9592402,-3.2487550
55.9591755,-3.2485941
55.9586038,-3.2471721
oneway: false
road_type: residential
speed: 20
lanes: undefined
cycleway: no
     
way id: 23882507
55.9585893,-3.2496700
55.9585650,-3.2496103
55.9584577,-3.2493459
55.9583207,-3.2490083
oneway: false
road_type: residential
speed: 20
lanes: undefined
cycleway: no
     
way id: 23882508
55.9598693,-3.2480334
55.9596785,-3.2475849
55.9595272,-3.2472912
55.9594044,-3.2470469
55.9591630,-3.2466120
55.9591051,-3.2465075
oneway: false
road_type: residential
speed: 20
lanes: undefined
cycleway: no
     
way id: 23882511
55.9586038,-3.2471721
55.9586662,-3.2470728
55.9587847,-3.2470198
55.9588215,-3.2469898
55.9588538,-3.2469498
55.9588849,-3.2468932
55.9589539,-3.2467718
55.9591051,-3.2465075
55.9592706,-3.2462184
oneway: false
road_type: residential
speed: 20
lanes: undefined
cycleway: no
     
way id: 23882513
55.9579085,-3.2460223
55.9578309,-3.2460955
55.9577433,-3.2461780
oneway: false
road_type: residential
speed: 20
lanes: undefined
cycleway: no
     
way id: 23882514
55.9573056,-3.2461047
55.9573010,-3.2460116
55.9572902,-3.2459173
55.9572703,-3.2458292
55.9572617,-3.2457928
55.9572477,-3.2457622
55.9572270,-3.2457374
55.9571840,-3.2457120
55.9571548,-3.2456936
55.9571228,-3.2456768
55.9570893,-3.2456623
55.9570684,-3.2456552
55.9570592,-3.2456520
55.9570301,-3.2456445
55.9569956,-3.2456388
55.9569546,-3.2456360
55.9569242,-3.2456370
55.9569022,-3.2456392
55.9568711,-3.2456446
oneway: false
road_type: residential
speed: 20
lanes: undefined
cycleway: no
     
way id: 23882515
55.9571684,-3.2461887
55.9570119,-3.2462141
55.9568848,-3.2462347
oneway: false
road_type: residential
speed: 20
lanes: undefined
cycleway: no
     
way id: 23882516
55.9570119,-3.2462141
55.9570684,-3.2456552
oneway: false
road_type: residential
speed: 20
lanes: undefined
cycleway: no
     
way id: 24264347
55.9608917,-3.2463636
55.9609585,-3.2463869
55.9610132,-3.2464058
55.9610876,-3.2460145
55.9611559,-3.2455679
55.9612054,-3.2451415
55.9612410,-3.2446991
55.9611320,-3.2445969
oneway: false
road_type: residential
speed: 20
lanes: undefined
cycleway: no
     
way id: 24264354
55.9619209,-3.2413290
55.9621041,-3.2415734
55.9622252,-3.2417316
55.9622942,-3.2418175
55.9623303,-3.2418493
55.9623787,-3.2418835
55.9624121,-3.2419020
55.9624535,-3.2419195
55.9624911,-3.2419305
55.9625151,-3.2419351
55.9625495,-3.2419386
55.9625840,-3.2419383
55.9626126,-3.2419352
55.9626387,-3.2419302
55.9626656,-3.2419227
55.9627008,-3.2419092
55.9627235,-3.2418983
55.9629262,-3.2417224
55.9630979,-3.2415618
55.9635375,-3.2411482
55.9635880,-3.2410925
55.9636320,-3.2410312
55.9637701,-3.2408156
55.9640042,-3.2404284
55.9641822,-3.2402042
55.9643155,-3.2400348
55.9643531,-3.2399993
55.9644396,-3.2399184
55.9645169,-3.2398647
55.9645708,-3.2398339
55.9646686,-3.2397802
55.9647744,-3.2397266
55.9648229,-3.2397053
55.9648855,-3.2396864
55.9649637,-3.2396705
55.9650484,-3.2396595
55.9651437,-3.2396488
55.9653253,-3.2396411
55.9653948,-3.2396287
55.9654616,-3.2396166
55.9655119,-3.2396032
55.9655711,-3.2395719
55.9656432,-3.2395335
55.9657285,-3.2394704
55.9658459,-3.2393860
55.9659224,-3.2393149
55.9659802,-3.2392559
55.9660298,-3.2391982
55.9660448,-3.2391714
55.9660567,-3.2391388
55.9660665,-3.2391117
55.9660688,-3.2390788
55.9660628,-3.2390256
oneway: false
road_type: residential
speed: 20
lanes: undefined
cycleway: no
     
way id: 24264355
55.9621041,-3.2415734
55.9621423,-3.2414848
55.9621648,-3.2414298
55.9621820,-3.2413762
55.9621963,-3.2413145
55.9622038,-3.2412407
55.9622076,-3.2411804
55.9622098,-3.2411348
55.9622173,-3.2410865
55.9622293,-3.2410409
55.9622851,-3.2409115
55.9624500,-3.2405983
55.9626197,-3.2403036
55.9627270,-3.2401236
55.9628306,-3.2399653
55.9629425,-3.2397896
55.9630447,-3.2396372
55.9631609,-3.2394906
55.9632814,-3.2393490
55.9639188,-3.2387391
55.9639806,-3.2386966
55.9640392,-3.2386591
55.9641112,-3.2386188
55.9641773,-3.2385826
55.9644408,-3.2384478
55.9647177,-3.2383251
55.9648611,-3.2382755
55.9649893,-3.2382372
55.9652949,-3.2381964
55.9654496,-3.2381763
55.9655299,-3.2381696
55.9655955,-3.2381662
55.9656823,-3.2381790
55.9657686,-3.2382192
55.9658286,-3.2382567
55.9658827,-3.2382755
55.9659172,-3.2382876
55.9659578,-3.2382894
55.9659919,-3.2382834
55.9660385,-3.2382583
55.9660765,-3.2382303
55.9661209,-3.2381878
55.9661734,-3.2381432
55.9662278,-3.2381130
55.9662853,-3.2380908
55.9663364,-3.2380790
55.9664249,-3.2380659
55.9665329,-3.2380647
55.9668903,-3.2379010
55.9669214,-3.2379053
55.9669464,-3.2379157
55.9669675,-3.2379344
55.9669914,-3.2379719
55.9670036,-3.2380036
55.9670172,-3.2380981
55.9670261,-3.2381665
55.9670271,-3.2382248
55.9670159,-3.2382839
55.9669941,-3.2383314
55.9667768,-3.2385465
55.9667457,-3.2385661
55.9667127,-3.2385681
55.9666856,-3.2385559
55.9666634,-3.2385346
55.9666380,-3.2384758
55.9666192,-3.2384315
55.9666014,-3.2383837
55.9665803,-3.2383167
55.9665632,-3.2382501
55.9665515,-3.2381940
55.9665329,-3.2380647
oneway: false
road_type: residential
speed: 20
lanes: undefined
cycleway: no
     
way id: 24264360
55.9631761,-3.2453493
55.9631218,-3.2456191
55.9630223,-3.2459274
55.9629578,-3.2462692
55.9629344,-3.2465517
55.9629342,-3.2467931
55.9629289,-3.2469190
55.9629065,-3.2470474
55.9628669,-3.2471254
55.9628283,-3.2471633
55.9627832,-3.2471805
55.9627469,-3.2471770
55.9627063,-3.2471539
55.9625988,-3.2470365
55.9625389,-3.2470180
55.9624760,-3.2470244
55.9624244,-3.2470445
55.9623738,-3.2470836
55.9623359,-3.2471203
55.9622986,-3.2471629
55.9622658,-3.2472133
55.9622276,-3.2472893
oneway: false
road_type: residential
speed: 20
lanes: undefined
cycleway: no
     
way id: 24351484
55.9551621,-3.2281256
55.9552744,-3.2281425
oneway: false
road_type: residential
speed: 20
lanes: undefined
cycleway: no
     
way id: 24351491
55.9562021,-3.2277419
55.9560435,-3.2284933
55.9560229,-3.2285959
55.9559979,-3.2286905
55.9559668,-3.2287838
55.9559348,-3.2288446
55.9558979,-3.2288925
55.9558619,-3.2289188
55.9558230,-3.2289367
55.9557701,-3.2289485
55.9557522,-3.2289485
55.9557333,-3.2289486
55.9556947,-3.2289414
55.9555929,-3.2289248
55.9555342,-3.2289150
55.9555068,-3.2289105
oneway: false
road_type: residential
speed: 20
lanes: 2
cycleway: no
     
way id: 24351497
55.9578808,-3.2254078
55.9578572,-3.2254685
55.9578413,-3.2255094
55.9578365,-3.2255165
55.9578306,-3.2255219
55.9578244,-3.2255248
55.9578173,-3.2255251
55.9578101,-3.2255224
55.9576584,-3.2253711
oneway: false
road_type: residential
speed: 20
lanes: undefined
cycleway: no
     
way id: 24351498
55.9576190,-3.2267235
55.9574725,-3.2263865
oneway: false
road_type: residential
speed: 20
lanes: undefined
cycleway: no
     
way id: 24351499
55.9546012,-3.2320753
55.9546718,-3.2320767
55.9547740,-3.2320787
55.9547878,-3.2320590
55.9548015,-3.2320355
55.9548107,-3.2320123
55.9548174,-3.2319873
55.9548229,-3.2319479
55.9548252,-3.2319132
55.9548275,-3.2318727
55.9548292,-3.2318479
55.9548323,-3.2318245
55.9548366,-3.2318022
55.9548418,-3.2317819
55.9548483,-3.2317652
55.9548580,-3.2317540
55.9548816,-3.2317329
55.9548894,-3.2317259
55.9549748,-3.2316493
55.9550343,-3.2315969
oneway: false
road_type: residential
speed: 30
lanes: undefined
cycleway: no
     
way id: 24351548
55.9605838,-3.2534309
55.9601565,-3.2534488
55.9600492,-3.2534533
oneway: false
road_type: residential
speed: 30
lanes: undefined
cycleway: no
     
way id: 25623226
55.9575562,-3.2554798
55.9575545,-3.2555308
55.9575560,-3.2555809
55.9575605,-3.2556292
55.9575677,-3.2556749
55.9575812,-3.2557481
55.9575989,-3.2558173
55.9576374,-3.2559570
55.9576596,-3.2560327
55.9576832,-3.2561119
55.9577068,-3.2561904
55.9577322,-3.2562669
55.9577588,-3.2563288
55.9577856,-3.2563857
55.9578141,-3.2564413
55.9578419,-3.2564913
55.9579161,-3.2566074
55.9579474,-3.2566497
55.9579782,-3.2566882
55.9580105,-3.2567253
55.9580424,-3.2567574
55.9580623,-3.2567712
55.9580823,-3.2567820
55.9581173,-3.2567941
oneway: false
road_type: residential
speed: 20
lanes: undefined
cycleway: no
     
way id: 29056910
55.9612396,-3.2438574
55.9613698,-3.2432497
55.9614665,-3.2428165
55.9615677,-3.2424050
55.9616269,-3.2421814
55.9617040,-3.2419171
55.9618101,-3.2416202
55.9619209,-3.2413290
55.9621653,-3.2407772
55.9623984,-3.2403169
55.9626038,-3.2399844
55.9627366,-3.2397937
55.9627848,-3.2397244
55.9629597,-3.2394413
55.9631006,-3.2392540
55.9632516,-3.2390641
55.9634209,-3.2388832
55.9636070,-3.2386971
55.9638433,-3.2385255
55.9641252,-3.2383420
55.9643565,-3.2382163
55.9646417,-3.2380855
55.9650106,-3.2379738
55.9651944,-3.2379402
55.9653799,-3.2379105
55.9656459,-3.2378912
55.9659227,-3.2378420
55.9664645,-3.2377602
55.9667950,-3.2376704
55.9670627,-3.2375344
55.9671348,-3.2374825
55.9673204,-3.2373713
55.9674743,-3.2372379
55.9676829,-3.2370562
55.9678427,-3.2368782
55.9679671,-3.2367338
55.9680312,-3.2366676
oneway: false
road_type: primary
speed: 30
lanes: 4
cycleway: no
     
way id: 29056914
55.9611711,-3.2442890
55.9612396,-3.2438574
oneway: false
road_type: primary
speed: 30
lanes: undefined
cycleway: no
     
way id: 33492304
55.9561284,-3.2539504
55.9561326,-3.2540450
55.9561386,-3.2541423
55.9561497,-3.2542786
55.9561702,-3.2545921
55.9561788,-3.2548747
55.9561787,-3.2552436
55.9561727,-3.2554565
55.9561628,-3.2556608
55.9561071,-3.2564417
55.9561019,-3.2565264
55.9560351,-3.2574607
55.9560078,-3.2578436
55.9559875,-3.2581293
55.9559717,-3.2584072
oneway: false
road_type: tertiary
speed: 20
lanes: undefined
cycleway: no
     
way id: 37182126
55.9533194,-3.2250182
55.9531101,-3.2248322
55.9530928,-3.2248221
55.9530732,-3.2248186
55.9530539,-3.2248258
55.9530367,-3.2248430
55.9530232,-3.2248686
55.9530138,-3.2248966
55.9529693,-3.2250442
55.9529598,-3.2250638
55.9529483,-3.2250814
55.9529313,-3.2250927
oneway: false
road_type: residential
speed: 20
lanes: undefined
cycleway: no
     
way id: 41517883
55.9602059,-3.2382555
55.9601631,-3.2382224
55.9599957,-3.2380928
55.9597862,-3.2379328
55.9597517,-3.2379149
55.9597080,-3.2378953
55.9596387,-3.2378776
55.9595998,-3.2378727
55.9595710,-3.2378717
55.9595355,-3.2378733
55.9594902,-3.2378803
55.9594586,-3.2378883
55.9594239,-3.2379003
55.9593539,-3.2379259
55.9592530,-3.2379662
55.9592155,-3.2379743
55.9591633,-3.2379885
55.9591031,-3.2379969
55.9590056,-3.2379987
55.9588953,-3.2379873
55.9588202,-3.2379774
55.9587385,-3.2379616
55.9586591,-3.2379413
55.9585826,-3.2379159
55.9585110,-3.2378846
55.9584432,-3.2378519
55.9583642,-3.2378066
55.9582917,-3.2377550
55.9582066,-3.2376875
55.9581345,-3.2376103
55.9580946,-3.2375598
55.9580554,-3.2374974
55.9580168,-3.2374293
55.9579832,-3.2373616
55.9579458,-3.2372592
55.9579110,-3.2371566
55.9578847,-3.2370600
55.9578671,-3.2369670
55.9578478,-3.2368430
55.9578348,-3.2367277
55.9578305,-3.2366271
55.9578312,-3.2365174
55.9578334,-3.2363774
55.9578406,-3.2362656
55.9578572,-3.2359966
55.9578731,-3.2357063
55.9578908,-3.2354342
55.9579032,-3.2351577
55.9579096,-3.2349678
55.9579127,-3.2348910
55.9579127,-3.2348089
55.9579116,-3.2347196
55.9579028,-3.2346129
55.9578935,-3.2345493
55.9578809,-3.2344858
55.9578599,-3.2344061
55.9578408,-3.2343488
55.9578194,-3.2342954
55.9577848,-3.2342283
55.9576616,-3.2340141
55.9575232,-3.2338071
55.9573742,-3.2335866
55.9572867,-3.2334537
55.9572320,-3.2333830
oneway: false
road_type: residential
speed: 20
lanes: 2
cycleway: no
     
way id: 43319368
55.9521813,-3.2394621
55.9521089,-3.2390282
oneway: false
road_type: residential
speed: 20
lanes: 2
cycleway: no
     
way id: 43319371
55.9521813,-3.2394621
55.9522001,-3.2394656
55.9522168,-3.2394726
55.9522400,-3.2394903
55.9522603,-3.2395157
55.9522759,-3.2395448
55.9524265,-3.2398967
55.9525823,-3.2402898
55.9526284,-3.2404161
55.9526741,-3.2405445
55.9527085,-3.2406675
55.9527253,-3.2407553
55.9527378,-3.2408601
55.9527395,-3.2408905
55.9527423,-3.2409402
55.9527403,-3.2410740
55.9527260,-3.2412098
55.9527085,-3.2413317
55.9526833,-3.2414571
55.9526261,-3.2416535
55.9521645,-3.2430784
55.9520945,-3.2433024
55.9520113,-3.2435439
55.9519247,-3.2437599
55.9518647,-3.2438883
55.9517967,-3.2440283
55.9517430,-3.2441376
55.9517220,-3.2441803
oneway: false
road_type: residential
speed: 20
lanes: 2
cycleway: no
     
way id: 61130965
55.9528208,-3.2281410
55.9528369,-3.2280913
55.9528560,-3.2280515
55.9528797,-3.2280186
55.9529042,-3.2279932
55.9529359,-3.2279705
55.9529736,-3.2279559
55.9529950,-3.2279531
55.9530161,-3.2279540
55.9530487,-3.2279618
55.9530794,-3.2279771
oneway: true
road_type: tertiary
speed: 20
lanes: undefined
cycleway: no
     
way id: 64081347
55.9491210,-3.2382729
55.9491590,-3.2382552
55.9491969,-3.2382382
55.9492481,-3.2382194
55.9492988,-3.2382070
55.9498025,-3.2380278
55.9499879,-3.2379418
55.9501333,-3.2378509
55.9502675,-3.2377500
55.9503460,-3.2376832
55.9504206,-3.2376024
55.9504918,-3.2375165
55.9505912,-3.2373604
55.9506757,-3.2372025
55.9507066,-3.2371272
oneway: false
road_type: residential
speed: 20
lanes: undefined
cycleway: no
     
way id: 70845099
55.9609619,-3.2539083
55.9607314,-3.2539215
55.9606560,-3.2539258
55.9605951,-3.2539293
oneway: false
road_type: residential
speed: 30
lanes: undefined
cycleway: no
     
way id: 70845377
55.9536169,-3.2358104
55.9536308,-3.2357133
55.9536476,-3.2355963
55.9536640,-3.2354675
55.9536885,-3.2352703
55.9537153,-3.2350448
55.9537390,-3.2348369
55.9537495,-3.2347395
55.9537581,-3.2346346
55.9537640,-3.2345219
55.9537686,-3.2344004
55.9537721,-3.2337925
55.9537689,-3.2315823
55.9537687,-3.2314599
55.9537675,-3.2311220
55.9537702,-3.2309625
55.9537723,-3.2308743
55.9537788,-3.2307797
55.9537940,-3.2306571
55.9538125,-3.2305570
55.9538420,-3.2304393
55.9538753,-3.2303221
55.9539179,-3.2302028
55.9539614,-3.2300836
55.9540058,-3.2299661
55.9540395,-3.2298747
oneway: false
road_type: residential
speed: 20
lanes: undefined
cycleway: no
     
way id: 70845695
55.9591798,-3.2441808
55.9596565,-3.2440610
55.9598359,-3.2439976
55.9599395,-3.2439609
55.9600998,-3.2438814
oneway: false
road_type: tertiary
speed: 20
lanes: 2
cycleway: no
     
way id: 70845832
55.9554304,-3.2481073
55.9553156,-3.2482241
55.9549785,-3.2485671
55.9549528,-3.2485932
55.9548303,-3.2487178
55.9544919,-3.2490675
55.9544389,-3.2490897
55.9543966,-3.2490922
55.9543578,-3.2490829
55.9543263,-3.2490668
55.9542959,-3.2490431
55.9540110,-3.2487895
55.9534658,-3.2482919
55.9528695,-3.2477475
55.9525712,-3.2474751
55.9523550,-3.2472723
55.9523287,-3.2472473
oneway: false
road_type: residential
speed: 20
lanes: undefined
cycleway: no
     
way id: 86322519
55.9562586,-3.2416543
55.9561308,-3.2417399
55.9560789,-3.2417568
55.9560265,-3.2417441
55.9559544,-3.2417118
oneway: true
road_type: secondary
speed: 30
lanes: undefined
cycleway: no
     
way id: 112939334
55.9548303,-3.2487178
55.9548351,-3.2487791
55.9548460,-3.2490232
55.9548427,-3.2491100
55.9548417,-3.2491362
55.9548290,-3.2492759
55.9548085,-3.2494100
55.9547823,-3.2495322
oneway: false
road_type: residential
speed: 20
lanes: undefined
cycleway: no
     
way id: 112939338
55.9573394,-3.2499461
55.9573027,-3.2500000
55.9570754,-3.2503380
55.9568949,-3.2506065
oneway: false
road_type: tertiary
speed: 20
lanes: undefined
cycleway: no
     
way id: 112939339
55.9565229,-3.2511516
55.9564919,-3.2512076
55.9564624,-3.2512732
55.9564123,-3.2514002
55.9563763,-3.2515078
55.9563428,-3.2516256
55.9562987,-3.2517955
55.9562572,-3.2519768
55.9562304,-3.2521035
55.9561954,-3.2523157
55.9561584,-3.2525510
55.9561453,-3.2526799
55.9561346,-3.2528132
55.9561273,-3.2529622
55.9561230,-3.2531262
55.9561220,-3.2533545
55.9561237,-3.2536566
55.9561257,-3.2538033
55.9561284,-3.2539504
oneway: false
road_type: tertiary
speed: 20
lanes: undefined
cycleway: no
     
way id: 132855246
55.9562082,-3.2426156
55.9561537,-3.2424015
oneway: false
road_type: primary
speed: 30
lanes: undefined
cycleway: no
     
way id: 132855247
55.9574375,-3.2442757
55.9575788,-3.2444333
55.9576084,-3.2444553
55.9576357,-3.2444653
oneway: false
road_type: tertiary
speed: 20
lanes: 2
cycleway: no
     
way id: 154214826
55.9608031,-3.2471771
55.9608917,-3.2463636
55.9609022,-3.2462808
55.9610219,-3.2454012
55.9611320,-3.2445969
55.9611711,-3.2442890
oneway: false
road_type: primary
speed: 30
lanes: 4
cycleway: no
     
way id: 157690775
55.9528840,-3.2275291
55.9530116,-3.2278228
55.9530794,-3.2279771
55.9532646,-3.2284006
55.9535029,-3.2289424
55.9536257,-3.2292249
55.9536982,-3.2293794
55.9537635,-3.2294913
55.9538435,-3.2296159
55.9540395,-3.2298747
55.9542695,-3.2301884
55.9543543,-3.2302995
oneway: false
road_type: tertiary
speed: 20
lanes: 2
cycleway: no
     
way id: 187006907
55.9606575,-3.2553760
55.9606198,-3.2547124
55.9606061,-3.2543316
55.9605951,-3.2539293
55.9605838,-3.2534309
55.9605753,-3.2528242
55.9605736,-3.2525322
55.9605724,-3.2522371
55.9605755,-3.2519940
55.9605901,-3.2511787
55.9606093,-3.2503189
55.9606238,-3.2499035
55.9606462,-3.2494552
55.9606709,-3.2490096
oneway: false
road_type: primary
speed: 30
lanes: 4
cycleway: no
     
way id: 214800152
55.9536322,-3.2412639
55.9536870,-3.2411438
oneway: false
road_type: residential
speed: 20
lanes: 1
cycleway: no
     
way id: 214800153
55.9536870,-3.2411438
55.9538091,-3.2408591
55.9539037,-3.2406633
55.9539834,-3.2405432
55.9540629,-3.2404555
55.9541927,-3.2403367
55.9543094,-3.2402450
55.9548009,-3.2399479
55.9549532,-3.2398456
55.9550315,-3.2397858
55.9551135,-3.2397239
55.9552413,-3.2396025
55.9553808,-3.2394666
oneway: false
road_type: residential
speed: 20
lanes: 2
cycleway: no
     
way id: 217180783
55.9607657,-3.2570855
55.9607322,-3.2566041
55.9606958,-3.2559899
55.9606575,-3.2553760
oneway: false
road_type: primary
speed: 30
lanes: 4
cycleway: no
     
way id: 217180785
55.9604107,-3.2570754
55.9602416,-3.2565841
55.9599307,-3.2557672
55.9596221,-3.2549789
55.9594496,-3.2545746
oneway: false
road_type: primary
speed: 30
lanes: undefined
cycleway: no
     
way id: 219143747
55.9544182,-3.2350799
55.9543242,-3.2353455
55.9542562,-3.2354979
55.9542028,-3.2355913
55.9541670,-3.2356477
55.9541238,-3.2356984
55.9540685,-3.2357511
55.9540107,-3.2357965
55.9539062,-3.2358477
55.9538444,-3.2358616
55.9537825,-3.2358657
55.9537030,-3.2358671
55.9536800,-3.2358621
55.9536554,-3.2358450
55.9536169,-3.2358104
55.9535656,-3.2357597
55.9535149,-3.2356975
55.9534700,-3.2356344
55.9534499,-3.2356063
55.9533749,-3.2354826
55.9533004,-3.2353317
55.9532368,-3.2351695
55.9531897,-3.2350252
55.9531464,-3.2348758
55.9530168,-3.2344097
55.9529882,-3.2343068
55.9529562,-3.2342012
55.9529353,-3.2341464
55.9529083,-3.2340923
55.9528683,-3.2340232
55.9528154,-3.2339376
55.9527689,-3.2338706
55.9527232,-3.2338025
55.9526139,-3.2336547
55.9525690,-3.2336052
55.9525300,-3.2335770
55.9524835,-3.2335557
55.9524562,-3.2335489
55.9524286,-3.2335461
55.9522118,-3.2335540
55.9521817,-3.2335528
55.9521537,-3.2335489
55.9521226,-3.2335377
55.9520914,-3.2335224
55.9520500,-3.2334970
oneway: false
road_type: residential
speed: 20
lanes: undefined
cycleway: no
     
way id: 223439371
55.9570790,-3.2255120
55.9569484,-3.2254954
oneway: false
road_type: residential
speed: 20
lanes: undefined
cycleway: no
     
way id: 224011563
55.9508626,-3.2430608
55.9508782,-3.2428317
55.9508948,-3.2426165
55.9509035,-3.2425122
55.9509135,-3.2424160
55.9509258,-3.2423106
55.9509575,-3.2420471
55.9511382,-3.2405565
55.9514492,-3.2378403
55.9515224,-3.2372017
55.9515272,-3.2371595
55.9515294,-3.2371397
oneway: false
road_type: tertiary
speed: 20
lanes: 2
cycleway: no
     
way id: 225885320
55.9562432,-3.2420375
55.9562515,-3.2418416
55.9562586,-3.2416543
oneway: false
road_type: secondary
speed: 30
lanes: undefined
cycleway: no
     
way id: 228958402
55.9592553,-3.2450662
55.9592162,-3.2447393
oneway: false
road_type: residential
speed: 20
lanes: 1
cycleway: no
     
way id: 228958404
55.9592162,-3.2447393
55.9591832,-3.2443980
55.9591761,-3.2442887
55.9591798,-3.2441808
oneway: false
road_type: residential
speed: 20
lanes: undefined
cycleway: no
     
way id: 239083442
55.9562586,-3.2416543
55.9563103,-3.2403642
55.9563254,-3.2400216
55.9563474,-3.2395603
55.9563724,-3.2390702
55.9563911,-3.2387544
55.9564176,-3.2385064
55.9564507,-3.2382836
55.9565350,-3.2377745
55.9567825,-3.2361877
55.9571017,-3.2341813
55.9572320,-3.2333830
55.9572762,-3.2331124
55.9574494,-3.2319814
55.9576021,-3.2310918
55.9577573,-3.2302041
55.9578126,-3.2299035
55.9579170,-3.2293350
55.9579706,-3.2290451
55.9580190,-3.2287833
55.9580868,-3.2284019
55.9581575,-3.2280129
55.9582983,-3.2272750
55.9583286,-3.2270398
55.9583489,-3.2268754
oneway: false
road_type: secondary
speed: 30
lanes: undefined
cycleway: no
     
way id: 239083451
55.9555842,-3.2402731
55.9553808,-3.2394666
55.9553325,-3.2392485
55.9552277,-3.2387259
55.9550783,-3.2379828
55.9549637,-3.2373283
55.9548226,-3.2364576
55.9548143,-3.2364061
55.9547437,-3.2358558
55.9546879,-3.2353439
oneway: false
road_type: primary
speed: 30
lanes: undefined
cycleway: lane
     
way id: 239083452
55.9561537,-3.2424015
55.9561129,-3.2422555
55.9560843,-3.2421527
55.9560345,-3.2419627
oneway: false
road_type: primary
speed: 30
lanes: undefined
cycleway: no
     
way id: 239083453
55.9560345,-3.2419627
55.9559544,-3.2417118
oneway: false
road_type: primary
speed: 30
lanes: undefined
cycleway: no
     
way id: 243220894
55.9576357,-3.2444653
55.9578636,-3.2445049
55.9580749,-3.2445154
55.9582857,-3.2445030
oneway: false
road_type: tertiary
speed: 20
lanes: 2
cycleway: no
     
way id: 276269812
55.9600998,-3.2438814
55.9603117,-3.2437729
55.9605735,-3.2436197
55.9607874,-3.2434969
55.9611266,-3.2433073
55.9613698,-3.2432497
oneway: false
road_type: tertiary
speed: 20
lanes: 2
cycleway: no
     
way id: 276269813
55.9582857,-3.2445030
55.9584110,-3.2444879
55.9585964,-3.2444191
55.9589016,-3.2442927
55.9591798,-3.2441808
oneway: false
road_type: tertiary
speed: 20
lanes: 2
cycleway: no
     
way id: 326569252
55.9529313,-3.2250927
55.9529183,-3.2250613
55.9528990,-3.2250364
55.9528474,-3.2249954
55.9528339,-3.2249873
55.9528202,-3.2249838
55.9527986,-3.2249891
55.9527814,-3.2250060
55.9527717,-3.2250228
55.9527640,-3.2250459
55.9527596,-3.2250679
55.9527558,-3.2250959
55.9527555,-3.2251235
55.9527580,-3.2251531
oneway: false
road_type: residential
speed: 20
lanes: undefined
cycleway: no
     
way id: 326569254
55.9527580,-3.2251531
55.9527674,-3.2251784
55.9527829,-3.2251999
55.9528543,-3.2252613
55.9528687,-3.2252656
55.9528825,-3.2252647
55.9528937,-3.2252581
55.9529037,-3.2252495
55.9529120,-3.2252372
55.9529214,-3.2252221
55.9529288,-3.2252010
55.9529339,-3.2251773
55.9529362,-3.2251534
55.9529365,-3.2251255
55.9529313,-3.2250927
oneway: false
road_type: residential
speed: 20
lanes: undefined
cycleway: no
     
way id: 326743125
55.9503970,-3.2239695
55.9503970,-3.2240603
55.9503994,-3.2241470
55.9504179,-3.2242446
55.9504500,-3.2243466
55.9504890,-3.2244303
55.9505302,-3.2244936
55.9505885,-3.2245742
55.9507010,-3.2247107
55.9507220,-3.2247326
55.9511433,-3.2251662
55.9516443,-3.2256778
55.9519470,-3.2259781
55.9520535,-3.2261000
55.9521422,-3.2262166
oneway: false
road_type: tertiary
speed: 20
lanes: undefined
cycleway: no
     
way id: 332862691
55.9570727,-3.2539136
55.9570696,-3.2539895
55.9570506,-3.2544425
55.9570448,-3.2547080
55.9570477,-3.2548642
55.9570536,-3.2550073
55.9570744,-3.2552848
55.9571058,-3.2555476
55.9571496,-3.2558138
55.9572026,-3.2560641
55.9572431,-3.2562245
55.9572870,-3.2563779
55.9573365,-3.2565320
55.9573826,-3.2566702
55.9574379,-3.2567998
55.9574684,-3.2568641
55.9574994,-3.2569256
55.9575538,-3.2570255
55.9576079,-3.2571159
55.9576661,-3.2572044
55.9577256,-3.2572867
55.9577852,-3.2573613
55.9578461,-3.2574306
55.9579356,-3.2575205
55.9580261,-3.2575985
55.9581262,-3.2576751
55.9582221,-3.2577358
55.9583183,-3.2577844
55.9583855,-3.2578087
55.9584512,-3.2578251
55.9585254,-3.2578351
55.9585844,-3.2578367
55.9586433,-3.2578326
55.9586831,-3.2578267
55.9587243,-3.2578178
55.9587757,-3.2578028
55.9588776,-3.2577597
55.9589368,-3.2577260
55.9589956,-3.2576859
55.9590323,-3.2576573
55.9590867,-3.2576096
55.9591339,-3.2575626
55.9591807,-3.2575105
55.9592239,-3.2574604
55.9593320,-3.2573162
55.9593629,-3.2572736
oneway: false
road_type: residential
speed: 20
lanes: undefined
cycleway: no
     
way id: 363361638
55.9525018,-3.2267762
55.9526240,-3.2270021
55.9527811,-3.2273022
55.9528840,-3.2275291
oneway: false
road_type: tertiary
speed: 20
lanes: undefined
cycleway: no
     
way id: 363361639
55.9521422,-3.2262166
55.9521749,-3.2262610
55.9522753,-3.2263980
55.9523675,-3.2265409
55.9524638,-3.2267096
55.9525018,-3.2267762
oneway: false
road_type: tertiary
speed: 20
lanes: undefined
cycleway: no
     
way id: 400780604
55.9568949,-3.2506065
55.9568157,-3.2507200
55.9566511,-3.2509558
55.9566255,-3.2509925
oneway: false
road_type: tertiary
speed: 20
lanes: undefined
cycleway: no
     
way id: 400780605
55.9566255,-3.2509925
55.9565733,-3.2510679
55.9565229,-3.2511516
oneway: false
road_type: tertiary
speed: 20
lanes: undefined
cycleway: no
     
way id: 400780606
55.9594496,-3.2545746
55.9588933,-3.2531865
55.9585881,-3.2524118
55.9584970,-3.2521819
oneway: false
road_type: primary
speed: 30
lanes: undefined
cycleway: no
     
way id: 400780607
55.9578530,-3.2505997
55.9576657,-3.2501106
oneway: false
road_type: primary
speed: 30
lanes: undefined
cycleway: no
     
way id: 400780608
55.9583286,-3.2517580
55.9582584,-3.2515864
55.9580403,-3.2510699
oneway: false
road_type: primary
speed: 30
lanes: undefined
cycleway: no
     
way id: 400780609
55.9580403,-3.2510699
55.9579472,-3.2508367
55.9578530,-3.2505997
oneway: false
road_type: primary
speed: 30
lanes: undefined
cycleway: no
     
way id: 400780610
55.9584970,-3.2521819
55.9583286,-3.2517580
oneway: false
road_type: primary
speed: 30
lanes: undefined
cycleway: no
     
way id: 409802672
55.9576657,-3.2501106
55.9575152,-3.2497068
oneway: false
road_type: primary
speed: 30
lanes: undefined
cycleway: no
     
way id: 409802674
55.9575152,-3.2497068
55.9574040,-3.2494252
55.9572803,-3.2491025
oneway: false
road_type: primary
speed: 30
lanes: undefined
cycleway: no
     
way id: 412712633
55.9525850,-3.2270891
55.9526045,-3.2270456
55.9526240,-3.2270021
oneway: true
road_type: residential
speed: 30
lanes: undefined
cycleway: opposite
     
way id: 428244209
55.9572803,-3.2491025
55.9570428,-3.2484844
55.9570414,-3.2484808
55.9568872,-3.2480125
oneway: false
road_type: primary
speed: 30
lanes: undefined
cycleway: no
     
way id: 448306609
55.9543543,-3.2302995
55.9544689,-3.2305231
oneway: true
road_type: tertiary
speed: 30
lanes: 2
cycleway: no
     
way id: 448306610
55.9545112,-3.2303891
55.9543543,-3.2302995
oneway: true
road_type: tertiary
speed: 30
lanes: 1
cycleway: no
     
way id: 448306611
55.9545701,-3.2309873
55.9545700,-3.2308894
55.9545769,-3.2308190
55.9545913,-3.2307328
55.9546067,-3.2306205
oneway: true
road_type: primary
speed: 30
lanes: undefined
cycleway: no
     
way id: 448306612
55.9544882,-3.2306106
55.9545352,-3.2308088
55.9545701,-3.2309873
oneway: true
road_type: primary
speed: 30
lanes: 1
cycleway: no
     
way id: 448306613
55.9547788,-3.2272463
55.9547961,-3.2269223
55.9548012,-3.2268067
55.9548068,-3.2266752
55.9548724,-3.2253169
55.9549903,-3.2228986
55.9550161,-3.2223637
55.9550376,-3.2219266
oneway: false
road_type: primary
speed: 30
lanes: undefined
cycleway: no
     
way id: 448306614
55.9546473,-3.2300600
55.9545922,-3.2302617
55.9545357,-3.2303737
oneway: true
road_type: primary
speed: 30
lanes: 2
cycleway: no
     
way id: 451357770
55.9553156,-3.2482241
55.9552649,-3.2480564
55.9552384,-3.2479685
oneway: false
road_type: residential
speed: 20
lanes: undefined
cycleway: no
     
way id: 481282492
55.9584906,-3.2263933
55.9587121,-3.2265670
55.9587856,-3.2266368
55.9588384,-3.2267009
55.9590465,-3.2269982
oneway: false
road_type: tertiary
speed: 30
lanes: undefined
cycleway: no
     
way id: 481282493
55.9583489,-3.2268754
55.9583627,-3.2267163
55.9583676,-3.2266107
55.9583674,-3.2265111
oneway: false
road_type: secondary
speed: 30
lanes: undefined
cycleway: no
     
way id: 481282494
55.9583552,-3.2261434
55.9583302,-3.2260093
55.9582767,-3.2259191
55.9580709,-3.2256561
oneway: false
road_type: tertiary
speed: 20
lanes: undefined
cycleway: no
     
way id: 481288662
55.9608492,-3.2294617
55.9609082,-3.2292294
55.9609343,-3.2291209
oneway: false
road_type: unclassified
speed: 30
lanes: 2
cycleway: no
     
way id: 487215981
55.9546473,-3.2300600
55.9546559,-3.2298712
55.9547254,-3.2282490
55.9547788,-3.2272463
oneway: false
road_type: primary
speed: 30
lanes: undefined
cycleway: no
     
way id: 487215983
55.9546017,-3.2316451
55.9546009,-3.2315568
55.9545991,-3.2314652
55.9545900,-3.2312086
55.9545701,-3.2309873
oneway: false
road_type: primary
speed: 30
lanes: undefined
cycleway: no
     
way id: 487215984
55.9559544,-3.2417118
55.9559226,-3.2415997
55.9556519,-3.2405418
55.9555842,-3.2402731
oneway: false
road_type: primary
speed: 30
lanes: undefined
cycleway: no
     
way id: 487215985
55.9546879,-3.2353439
55.9546524,-3.2349547
55.9546134,-3.2343932
55.9546033,-3.2341083
55.9546004,-3.2337419
55.9546012,-3.2320753
55.9546017,-3.2316451
oneway: false
road_type: primary
speed: 30
lanes: undefined
cycleway: no
     
way id: 518745244
55.9546305,-3.2304960
55.9546228,-3.2304517
55.9546076,-3.2304140
55.9545865,-3.2303868
55.9545617,-3.2303729
55.9545357,-3.2303737
oneway: false
road_type: primary
speed: 30
lanes: undefined
cycleway: no
     
way id: 518745245
55.9546067,-3.2306205
55.9546219,-3.2305842
55.9546301,-3.2305413
55.9546305,-3.2304960
oneway: false
road_type: primary
speed: 30
lanes: undefined
cycleway: no
     
way id: 518745246
55.9544882,-3.2306106
55.9545085,-3.2306411
55.9545331,-3.2306584
55.9545596,-3.2306606
55.9545850,-3.2306475
55.9546067,-3.2306205
oneway: false
road_type: primary
speed: 30
lanes: undefined
cycleway: no
