     
leisure id: 83704484
51.4519745,-2.6014638
51.4520092,-2.6012561
51.4519097,-2.6012479
51.4518498,-2.6013188
51.4518500,-2.6013926
51.4518511,-2.6014078
51.4518762,-2.6015621
51.4518908,-2.6015375
51.4519071,-2.6015115
51.4519205,-2.6014928
51.4519405,-2.6014775
51.4519568,-2.6014685
51.4519745,-2.6014638
leisure_type: park
     
leisure id: 83705635
51.4520215,-2.6011663
51.4521037,-2.6006273
51.4521780,-2.6001199
51.4521511,-2.6001090
51.4521264,-2.6001077
51.4521105,-2.6001123
51.4520963,-2.6001212
51.4520859,-2.6001316
51.4518654,-2.6009889
51.4518608,-2.6010679
51.4519142,-2.6011541
51.4520215,-2.6011663
leisure_type: park
     
leisure id: 83829819
51.4520948,-2.6016074
51.4521423,-2.6016171
51.4522159,-2.6016193
51.4522673,-2.6016158
51.4523109,-2.6016081
51.4523670,-2.6015944
51.4523964,-2.6015843
51.4524487,-2.6015572
51.4525138,-2.6015130
51.4525815,-2.6014611
51.4526329,-2.6014091
51.4526769,-2.6013578
51.4527247,-2.6012896
51.4527717,-2.6012076
51.4527686,-2.6011887
51.4527675,-2.6011634
51.4527674,-2.6011384
51.4527681,-2.6011190
51.4527722,-2.6010955
51.4527762,-2.6010776
51.4527820,-2.6010612
51.4527882,-2.6010476
51.4527968,-2.6010333
51.4524287,-2.6001909
51.4524161,-2.6001939
51.4524117,-2.6002119
51.4524023,-2.6002342
51.4523910,-2.6002515
51.4523811,-2.6002649
51.4523670,-2.6002779
51.4523514,-2.6002873
51.4523340,-2.6002944
51.4523161,-2.6002977
51.4523013,-2.6002957
51.4522836,-2.6002869
51.4522658,-2.6002744
51.4522451,-2.6002500
51.4522356,-2.6002579
51.4520610,-2.6014002
51.4520434,-2.6015159
51.4520544,-2.6015271
51.4520635,-2.6015395
51.4520726,-2.6015518
51.4520817,-2.6015659
51.4520906,-2.6015882
51.4520948,-2.6016074
leisure_type: park
     
leisure id: 97653401
51.4553535,-2.5996052
51.4553354,-2.5996414
51.4552966,-2.5995915
51.4551959,-2.5994622
51.4552091,-2.5994357
51.4551900,-2.5994111
51.4552993,-2.5991920
51.4554505,-2.5993864
51.4554315,-2.5994245
51.4554270,-2.5994186
51.4553416,-2.5995898
51.4553535,-2.5996052
leisure_type: garden
     
leisure id: 105564922
51.4544034,-2.6018178
51.4544688,-2.6018924
51.4544253,-2.6019803
51.4543578,-2.6019415
51.4542959,-2.6018994
51.4543603,-2.6017651
51.4543682,-2.6017731
51.4543774,-2.6017864
51.4544034,-2.6018178
leisure_type: garden
     
leisure id: 123957139
51.4515905,-2.5926180
51.4512779,-2.5926009
51.4512767,-2.5926579
51.4512016,-2.5926537
51.4512023,-2.5926203
51.4511827,-2.5926192
51.4511821,-2.5926501
51.4511209,-2.5926467
51.4511222,-2.5925849
51.4511107,-2.5925843
51.4511095,-2.5926432
51.4510351,-2.5926391
51.4510421,-2.5923141
51.4511123,-2.5923179
51.4511106,-2.5923963
51.4511244,-2.5923971
51.4511261,-2.5923185
51.4515964,-2.5923443
51.4515905,-2.5926180
leisure_type: sports_centre
     
leisure id: 123975993
51.4540370,-2.5959479
51.4540471,-2.5959801
51.4541407,-2.5960592
51.4541996,-2.5960904
51.4542193,-2.5960976
51.4542401,-2.5958083
51.4542090,-2.5957631
51.4542073,-2.5957242
51.4542250,-2.5956768
51.4542312,-2.5956575
51.4542144,-2.5956436
51.4542491,-2.5955353
51.4541782,-2.5954806
51.4540370,-2.5959479
leisure_type: common
     
leisure id: 186739193
51.4527417,-2.6009374
51.4527105,-2.6009776
51.4527294,-2.6010163
51.4527166,-2.6010899
51.4527147,-2.6011499
51.4527124,-2.6011757
51.4526835,-2.6012175
51.4527147,-2.6012660
51.4527564,-2.6011879
51.4527512,-2.6011446
51.4527573,-2.6010899
51.4527644,-2.6010603
51.4527795,-2.6010239
51.4527417,-2.6009374
leisure_type: garden
     
leisure id: 186739194
51.4516274,-2.5999149
51.4516235,-2.5999870
51.4516145,-2.6001558
51.4514794,-2.6001373
51.4514736,-2.6002457
51.4515200,-2.6002521
51.4515150,-2.6003460
51.4515521,-2.6003511
51.4515466,-2.6004542
51.4514936,-2.6004469
51.4514922,-2.6004739
51.4513936,-2.6004604
51.4513865,-2.6005934
51.4513175,-2.6005840
51.4513089,-2.6005656
51.4512784,-2.6005622
51.4512640,-2.6005766
51.4512440,-2.6005739
51.4512571,-2.6003280
51.4512407,-2.6003257
51.4512488,-2.6001742
51.4512141,-2.6001695
51.4512311,-2.5998499
51.4516274,-2.5999149
leisure_type: garden
     
leisure id: 302515720
51.4518144,-2.5958322
51.4517927,-2.5958315
51.4517825,-2.5956520
51.4517625,-2.5956537
51.4517617,-2.5955863
51.4519305,-2.5955846
51.4519338,-2.5957574
51.4519840,-2.5957574
51.4519868,-2.5958120
51.4518144,-2.5958322
leisure_type: garden
     
leisure id: 402039181
51.4515982,-2.5961223
51.4514992,-2.5961473
51.4514952,-2.5960684
51.4515371,-2.5960629
51.4515332,-2.5959854
51.4515909,-2.5959779
51.4515982,-2.5961223
leisure_type: garden
     
leisure id: 402039182
51.4515848,-2.5958576
51.4515271,-2.5958651
51.4515236,-2.5957968
51.4515070,-2.5957990
51.4515027,-2.5957151
51.4515771,-2.5957054
51.4515848,-2.5958576
leisure_type: garden
     
leisure id: 500497440
51.4524685,-2.5998548
51.4523434,-2.5995471
51.4523263,-2.5995259
51.4523037,-2.5995272
51.4521901,-2.5996292
51.4521298,-2.5999894
51.4521918,-2.6000129
51.4522075,-2.5999772
51.4522257,-2.5999460
51.4522424,-2.5999278
51.4522603,-2.5999129
51.4522793,-2.5999000
51.4522998,-2.5998957
51.4523255,-2.5998972
51.4523510,-2.5999063
51.4523841,-2.5999204
51.4524011,-2.5999194
51.4524685,-2.5998548
leisure_type: park
     
leisure id: 500497441
51.4528742,-2.6008176
51.4528315,-2.6007312
51.4526689,-2.6003453
51.4524998,-2.5999351
51.4524138,-2.6000316
51.4528327,-2.6009880
51.4528545,-2.6009750
51.4528825,-2.6009699
51.4529058,-2.6009748
51.4529243,-2.6009832
51.4529391,-2.6009952
51.4529621,-2.6009465
51.4528742,-2.6008176
leisure_type: park
     
leisure id: 501242102
51.4517907,-2.5959991
51.4517185,-2.5960063
51.4517147,-2.5959075
51.4516841,-2.5959105
51.4516768,-2.5957196
51.4517136,-2.5957159
51.4517875,-2.5959144
51.4517907,-2.5959991
leisure_type: garden
