     
leisure id: 4918964
51.1828298,0.2814651
51.1831028,0.2817390
51.1826638,0.2828527
51.1823908,0.2825788
51.1828298,0.2814651
leisure_type: pitch
     
leisure id: 24280439
51.1913279,0.2619210
51.1912811,0.2621334
51.1913802,0.2621883
51.1912366,0.2628692
51.1909052,0.2626774
51.1910352,0.2621891
51.1911620,0.2620968
51.1911964,0.2618553
51.1913279,0.2619210
leisure_type: playground
     
leisure id: 24292991
51.1929506,0.2749424
51.1929910,0.2749746
51.1931086,0.2749333
51.1932717,0.2750819
51.1929002,0.2761011
51.1925960,0.2758409
51.1929506,0.2749424
leisure_type: sports_centre
     
leisure id: 58559021
51.1919796,0.2815068
51.1919859,0.2810789
51.1919439,0.2810773
51.1919452,0.2809887
51.1918646,0.2809857
51.1918633,0.2810789
51.1916529,0.2810710
51.1916467,0.2814944
51.1919796,0.2815068
leisure_type: indoor_play
     
leisure id: 83156101
51.1965578,0.2722146
51.1968313,0.2727919
51.1968840,0.2732908
51.1968600,0.2736865
51.1966317,0.2739473
51.1965460,0.2744945
51.1964675,0.2746118
51.1963813,0.2747936
51.1961536,0.2749356
51.1957292,0.2749762
51.1957494,0.2739126
51.1956397,0.2731470
51.1956615,0.2729186
51.1965578,0.2722146
leisure_type: park
     
leisure id: 95811541
51.1944180,0.2702871
51.1941659,0.2700330
51.1938554,0.2707699
51.1941235,0.2710451
51.1944180,0.2702871
leisure_type: pitch
     
leisure id: 95811546
51.1940837,0.2700373
51.1937970,0.2697493
51.1936060,0.2702067
51.1938979,0.2705031
51.1940837,0.2700373
leisure_type: pitch
     
leisure id: 95811549
51.1947630,0.2703633
51.1948665,0.2701262
51.1949169,0.2699102
51.1949037,0.2695799
51.1948400,0.2693936
51.1947471,0.2693232
51.1944711,0.2691141
51.1940863,0.2682460
51.1936603,0.2685381
51.1933719,0.2676605
51.1933879,0.2670493
51.1934704,0.2665200
51.1941128,0.2643289
51.1943134,0.2639940
51.1946939,0.2637094
51.1948804,0.2635903
51.1951107,0.2632745
51.1953468,0.2629611
51.1957741,0.2622201
51.1960303,0.2622484
51.1961000,0.2622904
51.1964263,0.2631024
51.1967931,0.2641638
51.1969019,0.2648371
51.1974087,0.2657306
51.1974751,0.2660863
51.1972495,0.2669079
51.1971832,0.2674922
51.1970319,0.2679326
51.1968701,0.2682291
51.1966631,0.2689490
51.1965516,0.2694021
51.1962225,0.2698569
51.1961456,0.2701643
51.1959492,0.2709011
51.1953707,0.2706301
51.1949886,0.2705285
51.1947630,0.2703633
leisure_type: park
     
leisure id: 95811554
51.1981876,0.2661218
51.1976797,0.2661996
51.1973565,0.2672065
51.1973565,0.2675258
51.1972257,0.2679392
51.1970538,0.2683895
51.1969974,0.2687497
51.1967665,0.2692450
51.1968461,0.2695479
51.1974745,0.2707963
51.1980427,0.2698023
51.1980770,0.2697815
51.1981205,0.2698033
51.1983159,0.2700354
51.1984133,0.2698630
51.1988365,0.2688520
51.1988801,0.2685655
51.1988544,0.2683649
51.1985646,0.2677755
51.1984774,0.2669896
51.1983825,0.2661341
51.1981876,0.2661218
leisure_type: park
     
leisure id: 95812509
51.1968049,0.2606037
51.1971312,0.2613607
51.1969714,0.2619684
51.1962651,0.2626834
51.1960957,0.2622422
51.1957649,0.2622080
51.1955109,0.2626541
51.1952602,0.2623630
51.1952845,0.2616513
51.1953867,0.2611321
51.1955689,0.2608554
51.1957286,0.2607714
51.1962010,0.2606223
51.1968049,0.2606037
leisure_type: park
     
leisure id: 95814039
51.1885021,0.2637017
51.1885051,0.2636863
51.1885125,0.2636541
51.1885846,0.2632647
51.1886132,0.2631407
51.1891839,0.2634210
51.1890787,0.2639859
51.1888514,0.2638666
51.1885021,0.2637017
leisure_type: pitch
     
leisure id: 95814049
51.1883022,0.2631387
51.1883104,0.2636310
51.1882450,0.2636323
51.1881860,0.2636392
51.1880026,0.2636590
51.1879810,0.2631501
51.1883022,0.2631387
leisure_type: pitch
     
leisure id: 162056050
51.1947671,0.2703559
51.1948708,0.2701198
51.1949177,0.2699242
51.1949130,0.2697203
51.1949009,0.2695673
51.1948634,0.2694521
51.1948449,0.2693930
51.1947471,0.2693232
51.1944711,0.2691141
51.1940863,0.2682460
51.1937477,0.2685670
51.1937008,0.2686394
51.1936713,0.2690256
51.1935890,0.2693099
51.1935171,0.2696720
51.1937760,0.2695352
51.1939912,0.2697577
51.1941699,0.2699429
51.1943738,0.2701441
51.1947081,0.2704311
51.1947671,0.2703559
leisure_type: playground
     
leisure id: 162056177
51.1945970,0.2705883
51.1944752,0.2709061
51.1943575,0.2707913
51.1944793,0.2704734
51.1945564,0.2705486
51.1945970,0.2705883
leisure_type: pitch
     
leisure id: 162056374
51.1963901,0.2680754
51.1966495,0.2686601
51.1960428,0.2693457
51.1957833,0.2687610
51.1963901,0.2680754
leisure_type: pitch
     
leisure id: 162056659
51.1967527,0.2652763
51.1963183,0.2657759
51.1968465,0.2669454
51.1972809,0.2664458
51.1967527,0.2652763
leisure_type: pitch
     
leisure id: 162073241
51.1961346,0.2672394
51.1964113,0.2678659
51.1957450,0.2686152
51.1954683,0.2679888
51.1961346,0.2672394
leisure_type: pitch
     
leisure id: 162073242
51.1965822,0.2665953
51.1961483,0.2671046
51.1966242,0.2681369
51.1970581,0.2676276
51.1965822,0.2665953
leisure_type: pitch
     
leisure id: 162073482
51.1962875,0.2666293
51.1960859,0.2668678
51.1958253,0.2663071
51.1960269,0.2660685
51.1962875,0.2666293
leisure_type: pitch
     
leisure id: 162073483
51.1962718,0.2658350
51.1965166,0.2663623
51.1963151,0.2666006
51.1961593,0.2662649
51.1960703,0.2660732
51.1962718,0.2658350
leisure_type: pitch
     
leisure id: 162073502
51.1950632,0.2686644
51.1947144,0.2691038
51.1942594,0.2681839
51.1946082,0.2677446
51.1950632,0.2686644
leisure_type: pitch
     
leisure id: 162073503
51.1961040,0.2670350
51.1957731,0.2674276
51.1956242,0.2671080
51.1959550,0.2667154
51.1961040,0.2670350
leisure_type: pitch
     
leisure id: 162073504
51.1957188,0.2674295
51.1954517,0.2677378
51.1951658,0.2671073
51.1954329,0.2667990
51.1957188,0.2674295
leisure_type: pitch
     
leisure id: 162073505
51.1959289,0.2666732
51.1956022,0.2670525
51.1954584,0.2667371
51.1957851,0.2663578
51.1959289,0.2666732
leisure_type: pitch
     
leisure id: 162073506
51.1955211,0.2682438
51.1951411,0.2687182
51.1946467,0.2677100
51.1950267,0.2672355
51.1955211,0.2682438
leisure_type: pitch
     
leisure id: 223380935
51.1961032,0.2721284
51.1961639,0.2722503
51.1961914,0.2723056
51.1963850,0.2720739
51.1965586,0.2719785
51.1965045,0.2717332
51.1964339,0.2717655
51.1961441,0.2711826
51.1960425,0.2713168
51.1960807,0.2713906
51.1960324,0.2714440
51.1960696,0.2715330
51.1961216,0.2714756
51.1963138,0.2718513
51.1962597,0.2719195
51.1961032,0.2721284
leisure_type: sports_centre
     
leisure id: 294470051
51.1840391,0.2756031
51.1840303,0.2760397
51.1837309,0.2760243
51.1837398,0.2755877
51.1840391,0.2756031
leisure_type: pitch
     
leisure id: 294667481
51.1960523,0.2715897
51.1961931,0.2716646
51.1961951,0.2716906
51.1961625,0.2717167
51.1961747,0.2717558
51.1962237,0.2718632
51.1962115,0.2719153
51.1961931,0.2719479
51.1961625,0.2719219
51.1961482,0.2718828
51.1961380,0.2717916
51.1961192,0.2717669
51.1960951,0.2717753
51.1960747,0.2719251
51.1959890,0.2718763
51.1960523,0.2715897
leisure_type: swimming_pool
     
leisure id: 423393346
51.1980044,0.2884136
51.1982677,0.2870473
51.1977743,0.2868050
51.1975109,0.2881713
51.1980044,0.2884136
leisure_type: pitch
     
leisure id: 446859539
51.1931444,0.2749445
51.1933000,0.2745611
51.1934207,0.2745929
51.1934805,0.2745712
51.1934847,0.2746750
51.1933483,0.2751337
51.1931444,0.2749445
leisure_type: park
     
leisure id: 498318376
51.1879451,0.2650731
51.1879628,0.2650043
51.1879595,0.2649460
51.1879393,0.2648779
51.1879213,0.2648456
51.1878944,0.2648336
51.1878621,0.2648336
51.1878157,0.2648611
51.1877872,0.2648862
51.1877610,0.2649353
51.1878089,0.2653596
51.1879251,0.2651193
51.1879451,0.2650731
leisure_type: nature_reserve
     
leisure id: 627146677
51.1930262,0.2581069
51.1932174,0.2582968
51.1929493,0.2589395
51.1935043,0.2601000
51.1935680,0.2603465
51.1936502,0.2603671
51.1937604,0.2606176
51.1935379,0.2615430
51.1933779,0.2616515
51.1931149,0.2609472
51.1927219,0.2585521
51.1919455,0.2560450
51.1918636,0.2553937
51.1930868,0.2553140
51.1933499,0.2547875
51.1934969,0.2545537
51.1937572,0.2545598
51.1941729,0.2543619
51.1944712,0.2545579
51.1946349,0.2545715
51.1949445,0.2544248
51.1949886,0.2538395
51.1927613,0.2488240
51.1920620,0.2488240
51.1919545,0.2447041
51.1930841,0.2477082
51.1959348,0.2543171
51.1971719,0.2561196
51.1969466,0.2566989
51.1964612,0.2565767
51.1958810,0.2556904
51.1946439,0.2567204
51.1943852,0.2566416
51.1938371,0.2578362
51.1934778,0.2587863
51.1935162,0.2586107
51.1935395,0.2583935
51.1934714,0.2581730
51.1932974,0.2581060
51.1932845,0.2579754
51.1930853,0.2578976
51.1930262,0.2581069
leisure_type: park
