40.4595786,-80.0301468
40.4489573,-79.9615662
40.4504386,-79.9638523
40.4539394,-79.9978399
40.4549185,-79.9619207
40.4576198,-79.9625842
40.4476767,-80.0076521
40.4282209,-79.9492515
40.4383458,-80.0123394
40.4562856,-79.9923871
40.4411335,-79.9679696
40.4499557,-80.0258899
40.4281050,-79.9345020
40.4584147,-79.9555142
40.4581244,-79.9944331
40.4580990,-79.9955070
40.4468182,-79.9747236
40.4448806,-79.9792895
40.4329874,-79.9305340
40.4322702,-79.9305024
40.4577913,-80.0043215
40.4565789,-79.9752755
40.4476566,-79.9757874
40.4468267,-79.9400875
40.4380451,-79.9942970
40.4449405,-80.0351979
40.4592359,-79.9969355
40.4550351,-79.9414632
40.4564386,-80.0291357
40.4265892,-79.9884904
40.4510447,-79.9957940
40.4342074,-79.9953029
40.4361698,-79.9994003
40.4504069,-80.0251194
40.4444714,-79.9419585
40.4462530,-79.9707055
40.4464021,-79.9373581
40.4465198,-79.9373125
40.4497973,-79.9958391
40.4500197,-79.9954475
40.4493258,-79.9688140
40.4496366,-79.9695141
40.4573938,-80.0243284
40.4390872,-80.0282561
40.4405956,-80.0268941
40.4370704,-79.9723889
40.4601310,-80.0017726
40.4400534,-79.9731780
40.4574481,-79.9928995
40.4443278,-80.0345248
40.4436773,-80.0326567
40.4513698,-80.0094508
40.4492462,-80.0087092
40.4488969,-80.0104339
40.4594284,-80.0009924
40.4404098,-79.9948295
40.4465608,-79.9374519
40.4505873,-80.0134167
40.4366985,-79.9990958
40.4372342,-79.9987459
40.4308411,-80.0137037
40.4496828,-80.0183425
40.4298365,-80.0166936
40.4298113,-80.0179314
40.4435447,-79.9521569
40.4423749,-79.9516346
40.4268594,-79.9379862
40.4419940,-79.9581867
40.4423786,-79.9583402
40.4518368,-80.0285295
40.4358400,-79.9546307
40.4440135,-79.9355861
40.4448637,-79.9366410
40.4522780,-79.9643605
40.4541969,-79.9614921
40.4542658,-79.9613983
40.4547000,-79.9607700
40.4560716,-79.9587851
40.4456878,-79.9391116
40.4455459,-79.9378968
40.4311595,-79.9825909
40.4311227,-79.9818041
40.4310131,-79.9803242
40.4309341,-79.9789077
40.4294802,-80.0063952
40.4304982,-79.9989049
40.4301044,-80.0162897
40.4296040,-80.0167436
40.4279685,-80.0182844
40.4553174,-79.9501591
40.4551488,-79.9477274
40.4253035,-79.9905165
40.4566065,-79.9931797
40.4577843,-79.9937116
40.4300253,-79.9886334
40.4294332,-79.9886035
40.4287064,-79.9885750
40.4279740,-79.9885505
40.4276932,-79.9885388
40.4272180,-79.9885209
40.4516260,-80.0011352
40.4521555,-80.0013091
40.4533061,-80.0016864
40.4540871,-80.0019442
40.4548855,-80.0022070
40.4556885,-80.0024713
40.4562211,-80.0026466
40.4248962,-80.0028184
40.4249458,-80.0011021
40.4250120,-79.9985627
40.4348753,-80.0118945
40.4326886,-80.0125836
40.4315905,-80.0129473
40.4306667,-79.9744051
40.4302118,-79.9744535
40.4293218,-79.9745351
40.4284163,-79.9746119
40.4274914,-79.9747103
40.4270492,-79.9747689
40.4266029,-79.9748127
40.4261730,-79.9748531
40.4478000,-79.9372958
40.4475311,-79.9363817
40.4472435,-79.9353562
40.4465951,-79.9333653
40.4456313,-79.9312021
40.4451973,-79.9302637
40.4508218,-80.0252569
40.4301123,-80.0085517
40.4295787,-80.0090388
40.4292690,-80.0093397
40.4602759,-79.9527463
40.4599406,-79.9530217
40.4595830,-79.9533832
40.4548957,-79.9379808
40.4533991,-79.9370909
40.4527364,-79.9367204
40.4518840,-79.9362343
40.4510421,-79.9357525
40.4506429,-79.9355158
40.4499937,-79.9351308
40.4497583,-79.9349894
40.4490992,-79.9346084
40.4484057,-79.9342023
40.4595697,-79.9380509
40.4569815,-79.9384996
40.4561204,-79.9387448
40.4302747,-80.0064680
40.4294537,-79.9538080
40.4300177,-79.9531646
40.4316546,-79.9528161
40.4342602,-79.9522231
40.4369275,-79.9514434
40.4371377,-79.9513381
40.4317919,-79.9537784
40.4327470,-79.9550094
40.4464538,-80.0343335
40.4471046,-80.0349935
40.4408612,-80.0246705
40.4404681,-80.0250789
40.4403214,-80.0252044
40.4388561,-80.0265467
40.4592870,-80.0309878
40.4572229,-80.0302663
40.4553904,-80.0296678
40.4532754,-80.0289980
40.4495685,-80.0269144
40.4529965,-80.0304623
40.4551041,-80.0311624
40.4569367,-80.0317551
40.4590107,-80.0324306
40.4260938,-79.9368622
40.4241652,-79.9363302
40.4448894,-79.9885664
40.4440292,-79.9881542
40.4432286,-79.9875825
40.4427046,-79.9872045
40.4410128,-79.9859802
40.4408444,-79.9858619
40.4402141,-79.9854112
40.4338543,-79.9617419
40.4343592,-79.9613715
40.4352155,-79.9607660
40.4423680,-80.0001052
40.4421261,-79.9995081
40.4414576,-79.9977382
40.4410901,-79.9967576
40.4407425,-79.9958493
40.4405455,-79.9952167
40.4403068,-79.9945622
40.4399411,-79.9942201
40.4389565,-79.9946876
40.4382989,-79.9944657
40.4593133,-79.9354380
40.4577693,-79.9357732
40.4412739,-79.9591778
40.4405853,-79.9583384
40.4391818,-79.9566021
40.4375446,-79.9545315
40.4359399,-80.0337605
40.4439138,-79.9388213
40.4446124,-79.9372036
40.4453377,-79.9349006
40.4454557,-79.9332622
40.4521930,-79.9414573
40.4513099,-79.9409496
40.4502800,-79.9403313
40.4496356,-79.9399518
40.4492452,-79.9397301
40.4485664,-79.9393302
40.4476893,-79.9388282
40.4320246,-79.9326602
40.4478257,-79.9624201
40.4486207,-79.9622764
40.4301496,-79.9833840
40.4294607,-79.9833958
40.4288276,-79.9834156
40.4285479,-79.9834221
40.4276188,-79.9834638
40.4259323,-79.9835157
40.4467123,-79.9729430
40.4474111,-79.9733262
40.4489262,-79.9741693
40.4497988,-79.9745876
40.4479440,-80.0003869
40.4482159,-80.0004907
40.4468648,-79.9390481
40.4450214,-79.9393831
40.4269280,-79.9495397
40.4320977,-79.9350722
40.4321186,-79.9316422
40.4483911,-80.0253106
40.4417315,-79.9843465
40.4554312,-79.9303825
40.4517102,-79.9816196
40.4522726,-79.9822880
40.4529466,-79.9830998
40.4475097,-79.9713863
40.4481221,-79.9698789
40.4452837,-79.9762170
40.4461965,-79.9742758
40.4443495,-79.9788944
40.4463053,-79.9803472
40.4471184,-79.9809300
40.4518834,-79.9392365
40.4591678,-80.0079843
40.4588139,-80.0098319
40.4482263,-79.9783510
40.4490142,-79.9789162
40.4483328,-79.9805404
40.4475221,-79.9799518
40.4510711,-80.0116542
40.4511562,-80.0104247
40.4512082,-80.0101426
40.4481956,-80.0264156
40.4454858,-80.0358009
40.4459612,-80.0351145
40.4439841,-80.0027249
40.4444716,-79.9956316
40.4436474,-79.9952537
40.4274406,-80.0242720
40.4582409,-79.9897741
40.4603486,-79.9904694
40.4593965,-79.9615635
40.4590908,-79.9613663
40.4583084,-79.9608219
40.4572396,-79.9600539
40.4552675,-79.9570773
40.4278060,-79.9405912
40.4268548,-79.9403994
40.4261094,-79.9400819
40.4411375,-79.9612960
40.4419581,-79.9628195
40.4432536,-79.9651757
40.4313971,-79.9865142
40.4314624,-79.9854413
40.4438691,-80.0331530
40.4435791,-80.0339839
40.4344637,-79.9636889
40.4334473,-79.9607662
40.4331641,-79.9601469
40.4342304,-80.0111932
40.4333507,-80.0114999
40.4325479,-80.0117618
40.4314353,-80.0121192
40.4533138,-79.9544251
40.4381530,-79.9758952
40.4377024,-79.9759131
40.4372663,-79.9759507
40.4368204,-79.9759786
40.4593379,-79.9528045
40.4590930,-79.9522967
40.4586442,-79.9513495
40.4582048,-79.9504179
40.4574272,-80.0122072
40.4579468,-80.0123825
40.4584898,-80.0125657
40.4590720,-80.0127622
40.4420869,-80.0316537
40.4416088,-80.0329086
40.4411986,-80.0340520
40.4409133,-80.0348106
40.4516876,-79.9526951
40.4547492,-79.9822918
40.4540702,-79.9814765
40.4533913,-79.9806737
40.4528301,-79.9799994
40.4502212,-79.9570370
40.4393895,-80.0013041
40.4387280,-79.9995584
40.4383897,-79.9986650
40.4380179,-79.9976688
40.4375831,-79.9964623
40.4580358,-79.9942506
40.4461544,-79.9657376
40.4428731,-79.9792762
40.4438776,-79.9800028
40.4454109,-79.9849784
40.4461828,-79.9855489
40.4468013,-79.9505804
40.4489974,-79.9518560
40.4514934,-79.9533454
40.4528064,-79.9541442
40.4526670,-79.9584526
40.4521405,-79.9568285
40.4553433,-79.9972359
40.4558126,-79.9947980
40.4559754,-79.9939777
40.4567548,-79.9913246
40.4360541,-79.9465003
40.4377624,-79.9470363
40.4388547,-79.9464467
40.4351031,-79.9472514
40.4265975,-79.9822443
40.4265065,-79.9807720
40.4264218,-79.9793475
40.4263385,-79.9778345
40.4260795,-79.9732569
40.4259915,-79.9717882
40.4257144,-79.9708032
40.4454168,-79.9294755
40.4522548,-80.0149530
40.4531232,-80.0152504
40.4534689,-80.0153598
40.4538385,-80.0154747
40.4504250,-80.0142922
40.4508798,-80.0144361
40.4513517,-80.0145854
40.4522667,-80.0148827
40.4566478,-79.9676632
40.4569200,-79.9672249
40.4572982,-79.9664233
40.4576010,-79.9657965
40.4576781,-79.9656381
40.4583173,-79.9641905
40.4306551,-80.0341948
40.4583997,-80.0333965
40.4450571,-79.9822608
40.4443854,-79.9817443
40.4267875,-79.9501669
40.4270685,-79.9488789
40.4271078,-79.9486805
40.4275056,-79.9468581
40.4293368,-79.9423825
40.4295073,-79.9401167
40.4486717,-79.9893604
40.4480777,-79.9887214
40.4401478,-79.9422539
40.4404288,-79.9421260
40.4417563,-79.9415669
40.4579005,-80.0095334
40.4578083,-80.0100359
40.4577198,-80.0105183
40.4571851,-80.0135306
40.4569985,-80.0145494
40.4568114,-80.0155801
40.4565969,-80.0167318
40.4337423,-79.9305599
40.4276330,-80.0020736
40.4276146,-80.0007464
40.4270925,-80.0148838
40.4262400,-80.0150990
40.4255110,-80.0151660
40.4248282,-80.0151708
40.4270689,-80.0054926
40.4255061,-80.0050991
40.4433248,-79.9357048
40.4435532,-79.9353004
40.4438223,-79.9346619
40.4442524,-79.9335520
40.4445877,-79.9323987
40.4451645,-79.9304136
40.4299532,-79.9735545
40.4283545,-79.9735670
40.4547755,-79.9354722
40.4542601,-79.9364631
40.4396095,-80.0050294
40.4390576,-80.0053972
40.4385570,-80.0057343
40.4370914,-79.9595043
40.4377324,-79.9586192
40.4383837,-79.9577099
40.4388225,-79.9570849
40.4397044,-79.9559048
40.4400072,-79.9676059
40.4401618,-79.9667358
40.4403332,-79.9655612
40.4404372,-79.9648998
40.4410098,-79.9638287
40.4413644,-79.9634362
40.4425705,-79.9622241
40.4427689,-79.9620152
40.4436824,-79.9609607
40.4380202,-80.0260906
40.4550906,-80.0086152
40.4549053,-80.0095939
40.4547155,-80.0105981
40.4545240,-80.0116023
40.4543330,-80.0126015
40.4541551,-80.0136179
40.4539911,-80.0145705
40.4535482,-80.0170532
40.4531114,-80.0194284
40.4531410,-80.0201210
40.4531525,-80.0206879
40.4528584,-80.0222888
40.4525140,-80.0241631
40.4522241,-80.0257218
40.4518649,-80.0276528
40.4564112,-79.9941124
40.4579779,-79.9946411
40.4298298,-79.9426524
40.4395505,-80.0233482
40.4377448,-80.0237578
40.4364314,-80.0245218
40.4344631,-80.0256449
40.4354395,-79.9927814
40.4351511,-79.9867305
40.4316391,-79.9522709
40.4606764,-79.9323897
40.4603329,-79.9314274
40.4600114,-79.9305269
40.4598506,-79.9300514
40.4548215,-79.9970642
40.4553939,-79.9946601
40.4543253,-79.9312360
40.4547327,-79.9299701
40.4463747,-79.9827183
40.4471267,-79.9832689
40.4476561,-79.9836190
40.4306503,-79.9818612
40.4305572,-79.9803711
40.4304762,-79.9789466
40.4303902,-79.9774454
40.4303144,-79.9760609
40.4301209,-79.9728687
40.4299983,-79.9706517
40.4314737,-79.9552986
40.4314561,-79.9304300
40.4370785,-79.9934124
40.4380306,-79.9933139
40.4382562,-79.9932858
40.4386543,-79.9932965
40.4557144,-79.9502995
40.4555179,-80.0097951
40.4568597,-80.0102358
40.4571836,-80.0103422
40.4573884,-80.0018822
40.4574781,-80.0014091
40.4575653,-80.0009496
40.4603312,-80.0217945
40.4599109,-80.0241203
40.4512046,-79.9937296
40.4518636,-79.9945264
40.4524480,-79.9951723
40.4381852,-79.9726831
40.4301410,-79.9819036
40.4285157,-79.9820559
40.4285353,-79.9828293
40.4542567,-80.0172882
40.4538092,-80.0196489
40.4536151,-80.0202663
40.4266536,-80.0090205
40.4266218,-80.0099062
40.4265841,-80.0106513
40.4265903,-80.0108766
40.4265760,-80.0117161
40.4573721,-79.9927371
40.4574951,-79.9680799
40.4436321,-79.9866271
40.4430798,-79.9861618
40.4414547,-79.9849954
40.4348621,-79.9555507
40.4358946,-79.9553351
40.4416693,-79.9789802
40.4427019,-79.9796649
40.4436315,-79.9803456
40.4442416,-79.9807953
40.4446201,-79.9810746
40.4453300,-79.9815897
40.4456693,-79.9818324
40.4464870,-79.9824313
40.4434408,-79.9317688
40.4402058,-79.9299957
40.4578153,-80.0020220
40.4515721,-79.9445495
40.4511307,-79.9668265
40.4513715,-79.9662472
40.4259981,-79.9862782
40.4260072,-79.9852156
40.4259806,-79.9841302
40.4269562,-80.0021123
40.4589231,-79.9319302
40.4510077,-80.0216896
40.4519508,-80.0219949
40.4537418,-80.0225749
40.4546956,-80.0228838
40.4301170,-79.9853730
40.4294374,-79.9853506
40.4287818,-79.9853210
40.4276761,-79.9852946
40.4539114,-79.9647519
40.4293629,-79.9922609
40.4286234,-79.9922235
40.4571929,-79.9424985
40.4563047,-79.9408248
40.4507304,-79.9335920
40.4512387,-79.9319392
40.4270986,-79.9670574
40.4262259,-79.9674771
40.4258093,-79.9676638
40.4253928,-79.9678516
40.4363776,-79.9539221
40.4368368,-79.9534564
40.4373217,-79.9529581
40.4388116,-79.9909440
40.4383691,-79.9909878
40.4379301,-79.9910291
40.4257060,-79.9357808
40.4256507,-79.9346435
40.4252967,-79.9318326
40.4600314,-79.9435306
40.4599641,-79.9427099
40.4598926,-79.9419048
40.4598092,-79.9406730
40.4597092,-79.9392730
40.4594449,-79.9367245
40.4561140,-79.9540842
40.4563295,-79.9537237
40.4404757,-79.9537620
40.4404349,-79.9500881
40.4506295,-79.9657416
40.4397215,-79.9348697
40.4404022,-79.9327476
40.4363707,-80.0188332
40.4365246,-80.0199137
40.4270485,-79.9822097
40.4269612,-79.9807268
40.4268751,-79.9793046
40.4267772,-79.9777937
40.4265117,-79.9732107
40.4264260,-79.9716657
40.4261360,-79.9706035
40.4257521,-79.9691712
40.4249762,-79.9671810
40.4576465,-79.9593843
40.4572767,-79.9578973
40.4293283,-80.0107747
40.4290751,-80.0105950
40.4480625,-79.9592636
40.4385429,-80.0040164
40.4378957,-80.0023058
40.4360698,-79.9974381
40.4356392,-79.9963464
40.4269096,-79.9999489
40.4262170,-79.9999199
40.4256574,-79.9998835
40.4525995,-79.9632335
40.4526229,-79.9631815
40.4531408,-79.9622023
40.4525013,-79.9603161
40.4519907,-79.9588115
40.4514548,-79.9572219
40.4511895,-79.9567977
40.4489081,-79.9577720
40.4418702,-79.9840214
40.4419247,-79.9838937
40.4421988,-79.9832510
40.4425169,-79.9825053
40.4440426,-79.9796151
40.4445075,-79.9785234
40.4449531,-79.9774767
40.4451794,-79.9739690
40.4454202,-79.9707806
40.4471015,-79.9674542
40.4476084,-79.9667036
40.4486079,-79.9652762
40.4488698,-79.9649040
40.4488650,-79.9644447
40.4487409,-79.9615429
40.4483369,-79.9587347
40.4496346,-79.9567325
40.4509149,-79.9549411
40.4512807,-79.9540574
40.4518907,-79.9520154
40.4522370,-79.9508560
40.4525148,-79.9499333
40.4525870,-79.9496945
40.4527686,-79.9490784
40.4532872,-79.9473554
40.4535908,-79.9463807
40.4541533,-79.9444228
40.4559019,-79.9385798
40.4565462,-79.9364509
40.4572624,-79.9340364
40.4275397,-79.9913862
40.4535617,-79.9677300
40.4257206,-79.9975229
40.4382747,-79.9883118
40.4381734,-79.9864791
40.4381155,-79.9850893
40.4380709,-79.9841840
40.4379984,-79.9826433
40.4379450,-79.9813985
40.4378547,-79.9794708
40.4377905,-79.9776891
40.4376075,-79.9744720
40.4371854,-79.9735007
40.4373652,-79.9523142
40.4371670,-79.9523963
40.4306183,-80.0063761
40.4529135,-79.9672862
40.4551050,-80.0117938
40.4564774,-80.0122461
40.4376995,-79.9340787
40.4370074,-79.9339051
40.4356155,-79.9335577
40.4365912,-79.9306683
40.4408027,-79.9543545
40.4418030,-79.9526593
40.4598531,-79.9749392
40.4321737,-79.9801129
40.4296765,-79.9804580
40.4287699,-79.9805519
40.4278552,-79.9806296
40.4273913,-79.9806777
40.4260669,-79.9808234
40.4251763,-79.9809215
40.4256642,-79.9498377
40.4448446,-79.9999503
40.4451382,-79.9990032
40.4519268,-79.9927430
40.4537045,-79.9906872
40.4479271,-80.0020497
40.4280951,-80.0086767
40.4274294,-80.0117586
40.4270252,-80.0117483
40.4263420,-80.0117060
40.4254416,-80.0115289
40.4591109,-80.0239569
40.4602343,-80.0242481
40.4547772,-80.0224456
40.4556899,-80.0227417
40.4566227,-80.0230442
40.4570661,-80.0231880
40.4582079,-80.0235896
40.4437585,-79.9983774
40.4429263,-79.9979917
40.4310528,-80.0341843
40.4404854,-80.0262150
40.4391023,-80.0225029
40.4397166,-80.0236615
40.4400962,-80.0243775
40.4336472,-79.9548052
40.4334533,-79.9533982
40.4377780,-80.0182247
40.4509998,-79.9611844
40.4510941,-79.9611341
40.4515018,-79.9609082
40.4519967,-79.9606193
40.4270660,-80.0131779
40.4270803,-80.0142025
40.4592928,-80.0164630
40.4582430,-80.0138753
40.4580508,-80.0148941
40.4578568,-80.0159228
40.4358643,-80.0145968
40.4343872,-80.0149011
40.4330400,-80.0151816
40.4319868,-80.0154084
40.4305419,-80.0157326
40.4589440,-79.9498127
40.4582653,-79.9483373
40.4504912,-79.9596871
40.4509859,-79.9593934
40.4514873,-79.9590979
40.4533690,-79.9580740
40.4537494,-79.9578745
40.4251768,-79.9469635
40.4431553,-79.9565686
40.4444240,-79.9581364
40.4570291,-80.0168814
40.4568858,-80.0175618
40.4462188,-79.9505191
40.4463571,-79.9489127
40.4465073,-79.9470489
40.4522985,-79.9380125
40.4572781,-79.9786559
40.4565862,-79.9778362
40.4559074,-79.9770260
40.4553267,-79.9763653
40.4269664,-80.0025842
40.4269267,-80.0007413
40.4285299,-80.0063698
40.4275560,-80.0082400
40.4263248,-80.0075722
40.4297540,-79.9819325
40.4295942,-79.9790410
40.4295047,-79.9775265
40.4294246,-79.9761522
40.4292374,-79.9729513
40.4291106,-79.9709027
40.4286997,-79.9693888
40.4500435,-79.9760377
40.4489654,-79.9766105
40.4493984,-79.9755730
40.4510274,-79.9857308
40.4504092,-79.9849938
40.4513270,-79.9635640
40.4520785,-79.9633794
40.4374377,-79.9992873
40.4378772,-79.9990000
40.4390521,-79.9982320
40.4268690,-80.0062605
40.4256316,-80.0082454
40.4157848,-80.0130202
40.4427173,-79.9340311
40.4413052,-79.9332475
40.4394792,-79.9322551
40.4362973,-79.9866535
40.4300499,-79.9875607
40.4300825,-79.9864556
40.4301427,-79.9841367
40.4301601,-79.9826442
40.4471477,-79.9311578
40.4590631,-80.0068190
40.4590184,-80.0063681
40.4589905,-80.0055584
40.4586651,-80.0023009
40.4379274,-80.0245666
40.4366997,-80.0252717
40.4489318,-80.0007338
40.4531395,-80.0026496
40.4592720,-79.9495447
40.4585997,-79.9481580
40.4584494,-79.9482402
40.4580024,-79.9473907
40.4531937,-80.0169372
40.4526747,-80.0192893
40.4568689,-79.9992366
40.4428957,-79.9680798
40.4588008,-80.0335352
40.4349490,-80.0340603
40.4335189,-80.0311973
40.4289556,-80.0063786
40.4294739,-80.0073330
40.4306490,-80.0095525
40.4311535,-80.0106050
40.4317241,-80.0136966
40.4318549,-80.0145498
40.4322416,-80.0171424
40.4323173,-80.0175742
40.4324770,-80.0186926
40.4326184,-80.0197359
40.4327644,-80.0207934
40.4328950,-80.0218871
40.4455776,-79.9514941
40.4457016,-79.9504427
40.4458056,-79.9488393
40.4459715,-79.9468204
40.4556075,-80.0093170
40.4557186,-79.9691525
40.4566258,-79.9396480
40.4594931,-80.0084200
40.4459602,-79.9567005
40.4459246,-79.9590864
40.4453661,-79.9596991
40.4454971,-79.9613069
40.4462494,-79.9622909
40.4599833,-80.0255604
40.4536939,-80.0335248
40.4545373,-80.0340813
40.4441275,-79.9854672
40.4434113,-79.9849437
40.4397443,-79.9977306
40.4404356,-79.9972345
40.4424605,-79.9958006
40.4407736,-80.0029347
40.4406219,-80.0022263
40.4401046,-80.0008480
40.4394096,-79.9990878
40.4386735,-79.9972264
40.4382296,-79.9960592
40.4380337,-79.9939241
40.4378200,-79.9883465
40.4377461,-79.9865151
40.4376819,-79.9851239
40.4376261,-79.9842111
40.4375522,-79.9826731
40.4375015,-79.9814416
40.4374140,-79.9795041
40.4373437,-79.9777293
40.4372093,-79.9744990
40.4361814,-79.9644139
40.4433566,-79.9382411
40.4426698,-79.9376024
40.4418697,-79.9368713
40.4405540,-79.9356364
40.4388856,-79.9341174
40.4382944,-79.9335587
40.4377979,-79.9330303
40.4364024,-79.9640971
40.4371086,-79.9630876
40.4384673,-79.9612424
40.4391288,-79.9603411
40.4397841,-79.9594533
40.4402270,-79.9588445
40.4410967,-79.9576160
40.4415621,-79.9569723
40.4419581,-79.9564358
40.4431873,-79.9535458
40.4439240,-79.9507569
40.4440583,-79.9502130
40.4444446,-79.9486742
40.4445391,-79.9463542
40.4446357,-79.9429911
40.4576336,-80.0178068
40.4593952,-80.0183842
40.4333222,-80.0098694
40.4330407,-80.0099909
40.4322581,-80.0102457
40.4309116,-80.0107176
40.4297672,-80.0110885
40.4506290,-79.9961395
40.4473274,-79.9438349
40.4301717,-80.0136996
40.4288351,-80.0245699
40.4358042,-79.9580480
40.4359577,-79.9564210
40.4359514,-79.9561276
40.4358125,-79.9543322
40.4294516,-79.9946954
40.4287750,-79.9950914
40.4479870,-79.9476798
40.4489016,-79.9466970
40.4504808,-79.9450328
40.4508867,-79.9430243
40.4510885,-79.9420411
40.4516602,-79.9399079
40.4520368,-79.9387909
40.4520933,-79.9386240
40.4523772,-79.9377775
40.4531102,-79.9359648
40.4534680,-79.9351730
40.4536680,-79.9347730
40.4538900,-79.9343131
40.4542542,-79.9335587
40.4542917,-79.9334810
40.4547372,-79.9325582
40.4551968,-79.9317561
40.4561155,-79.9307909
40.4341805,-80.0248047
40.4597996,-79.9713646
40.4592401,-79.9706847
40.4611980,-79.9932043
40.4408232,-79.9678409
40.4416554,-79.9656699
40.4503156,-79.9378950
40.4506851,-79.9367938
40.4345324,-80.0160291
40.4331686,-80.0162705
40.4278391,-79.9697964
40.4269700,-79.9701991
40.4265521,-79.9703989
40.4253051,-79.9709966
40.4500920,-79.9497501
40.4540213,-79.9519274
40.4583558,-79.9631265
40.4391338,-79.9620939
40.4336070,-79.9587969
40.4322338,-80.0336234
40.4480847,-79.9304431
40.4490917,-79.9319751
40.4518753,-79.9671769
40.4527257,-79.9677189
40.4503711,-79.9663507
40.4518388,-79.9672704
40.4598672,-80.0032921
40.4599831,-80.0023472
40.4261522,-79.9822955
40.4259931,-79.9793958
40.4258946,-79.9778795
40.4256132,-79.9732954
40.4255334,-79.9719094
40.4249150,-79.9695628
40.4297048,-79.9864450
40.4294251,-79.9862135
40.4388432,-80.0204537
40.4377030,-80.0207196
40.4356370,-80.0212391
40.4339694,-80.0216289
40.4321590,-80.0220333
40.4477614,-79.9725009
40.4492609,-79.9733466
40.4501230,-79.9738038
40.4417538,-79.9499438
40.4396882,-79.9435123
40.4507783,-80.0013307
40.4430899,-79.9329246
40.4416786,-79.9321257
40.4398432,-79.9311225
40.4417794,-79.9584730
40.4404883,-79.9568596
40.4381113,-79.9539378
40.4369345,-79.9524938
40.4294496,-79.9841358
40.4288101,-79.9841432
40.4276322,-79.9840642
40.4547234,-80.0138041
40.4560956,-80.0142536
40.4564322,-80.0143639
40.4586367,-80.0150860
40.4593048,-80.0153049
40.4629398,-80.0137104
40.4457173,-79.9563859
40.4478857,-79.9574383
40.4484374,-79.9567009
40.4491595,-79.9555594
40.4273884,-79.9423473
40.4264756,-79.9419668
40.4257262,-79.9416602
40.4568565,-79.9312267
40.4541187,-79.9296096
40.4534135,-79.9292031
40.4527468,-79.9288078
40.4518828,-79.9282978
40.4512016,-79.9278894
40.4354950,-79.9572705
40.4549156,-80.0127913
40.4562886,-80.0132386
40.4576991,-80.0136981
40.4588236,-80.0140645
40.4253751,-79.9765085
40.4415298,-80.0025048
40.4413833,-80.0021100
40.4407455,-80.0004120
40.4400641,-79.9986404
40.4393753,-79.9967538
40.4389809,-79.9956046
40.4388774,-79.9924706
40.4386988,-79.9882682
40.4386141,-79.9864419
40.4385502,-79.9850610
40.4385091,-79.9840122
40.4384407,-79.9826074
40.4383917,-79.9813642
40.4383694,-79.9807658
40.4383035,-79.9794274
40.4382260,-79.9776573
40.4383250,-79.9774661
40.4380369,-79.9744483
40.4380179,-79.9742644
40.4377606,-79.9728120
40.4376910,-79.9726246
40.4378486,-79.9639177
40.4383507,-79.9631236
40.4393665,-79.9617774
40.4411374,-79.9593594
40.4422246,-79.9578736
40.4425184,-79.9574644
40.4437849,-79.9556927
40.4444185,-79.9547850
40.4450263,-79.9539361
40.4455862,-79.9531565
40.4461266,-79.9524167
40.4464965,-79.9518983
40.4469408,-79.9489816
40.4470707,-79.9472806
40.4472102,-79.9453777
40.4472996,-79.9441699
40.4474289,-79.9424334
40.4475403,-79.9408909
40.4480674,-79.9352759
40.4482318,-79.9347519
40.4489121,-79.9325570
40.4494164,-79.9309540
40.4498221,-79.9296397
40.4485869,-79.9589685
40.4600275,-79.9522362
40.4527375,-79.9313625
40.4530226,-79.9304678
40.4587857,-80.0234519
40.4380350,-80.0043580
40.4373887,-80.0026458
40.4367284,-80.0008837
40.4449003,-79.9377868
40.4458158,-79.9349472
40.4513147,-80.0254204
40.4531001,-80.0260086
40.4540558,-80.0263214
40.4549771,-80.0266230
40.4558851,-80.0269203
40.4563500,-80.0270724
40.4567986,-80.0272193
40.4577057,-80.0275193
40.4586014,-80.0278095
40.4590611,-80.0279600
40.4595231,-80.0281112
40.4342305,-79.9516629
40.4524293,-80.0140130
40.4515468,-80.0109539
40.4516188,-80.0105149
40.4518218,-80.0096105
40.4519799,-80.0087185
40.4252858,-79.9452782
40.4367462,-80.0162493
40.4346653,-80.0168775
40.4369682,-79.9795372
40.4365395,-79.9795577
40.4360453,-79.9795931
40.4333436,-79.9573854
40.4351170,-79.9632512
40.4349341,-79.9627963
40.4346441,-79.9620669
40.4339005,-79.9604493
40.4577451,-79.9954344
40.4601355,-79.9915772
40.4255692,-80.0029333
40.4262717,-80.0026136
40.4255857,-80.0026323
40.4419732,-79.9306175
40.4274797,-80.0095876
40.4254387,-80.0104448
40.4247547,-80.0125986
40.4474162,-79.9540429
40.4565156,-80.0010938
40.4409340,-79.9344431
40.4349373,-79.9447755
40.4328360,-79.9365657
40.4369050,-79.9865965
40.4367653,-79.9866081
40.4340908,-79.9561620
40.4476138,-79.9537626
40.4483658,-79.9527322
40.4498042,-79.9507475
40.4503998,-79.9487445
40.4509277,-79.9469428
40.4513886,-79.9454092
40.4518092,-79.9433470
40.4309569,-80.0002644
40.4300429,-79.9975585
40.4295818,-79.9962148
40.4530861,-79.9941374
40.4537331,-79.9933316
40.4547037,-79.9921595
40.4566728,-80.0112188
40.4565735,-80.0117408
40.4559985,-80.0147638
40.4559004,-80.0152799
40.4532914,-80.0143154
40.4528352,-80.0168225
40.4523992,-80.0192021
40.4522768,-79.9977031
40.4528066,-79.9978758
40.4538973,-79.9982314
40.4423622,-79.9804791
40.4430407,-79.9788816
40.4434974,-79.9778034
40.4439345,-79.9767547
40.4444313,-79.9756030
40.4259052,-79.9661418
40.4479485,-79.9905019
40.4473728,-79.9898469
40.4468217,-79.9892492
40.4281775,-79.9341443
40.4264989,-79.9360039
40.4258390,-79.9358151
40.4250810,-79.9356043
40.4243427,-79.9352658
40.4403009,-80.0307547
40.4365707,-79.9554982
40.4521402,-79.9354031
40.4524056,-79.9345896
40.4526066,-79.9341631
40.4527564,-79.9337113
40.4530272,-79.9328983
40.4534124,-79.9317715
40.4536962,-79.9308662
40.4410583,-80.0027531
40.4591641,-80.0300136
40.4390752,-80.0036430
40.4395242,-80.0033495
40.4249165,-79.9510515
40.4282083,-79.9967920
40.4264168,-79.9931095
40.4451572,-79.9503690
40.4262691,-79.9427590
40.4255308,-79.9424586
40.4542912,-80.0008677
40.4545741,-79.9993758
40.4548111,-79.9981266
40.4311705,-80.0059106
40.4448492,-80.0310095
40.4259879,-80.0092673
40.4547310,-79.9738343
40.4565476,-79.9701181
40.4567460,-79.9650630
40.4598035,-79.9517290
40.4597987,-79.9893716
40.4261930,-80.0131302
40.4288771,-80.0010892
40.4605416,-79.9917196
40.4254388,-79.9856185
40.4531391,-79.9562341
40.4327544,-79.9374770
40.4473827,-79.9597934
40.4277340,-79.9491015
40.4398774,-79.9507696
40.4383138,-79.9500973
40.4366859,-79.9500069
40.4345767,-79.9486240
40.4265782,-79.9481691
40.4514296,-79.9329927
40.4596500,-80.0170523
40.4595209,-80.0177125
40.4592786,-80.0189825
40.4590404,-80.0201367
40.4588247,-80.0213222
40.4465610,-79.9668150
40.4469468,-79.9379811
40.4599240,-79.9474459
40.4592634,-79.9477933
40.4591808,-79.9478367
40.4256996,-79.9980786
40.4353632,-80.0338933
40.4568850,-80.0056886
40.4575433,-80.0058982
40.4362996,-80.0182448
40.4350738,-79.9351739
40.4533463,-79.9742180
40.4585058,-79.9921122
40.4576264,-79.9891814
40.4257450,-80.0112575
40.4252876,-80.0100076
40.4251426,-80.0096482
40.4454102,-80.0344852
40.4332776,-79.9569159
40.4332109,-79.9563712
40.4330295,-79.9549453
40.4291659,-79.9864285
40.4287556,-79.9864096
40.4277437,-79.9863528
40.4271804,-79.9863335
40.4266401,-79.9863076
40.4261473,-79.9862821
40.4355043,-80.0137767
40.4329359,-80.0143232
40.4304296,-80.0148329
40.4592347,-80.0164000
40.4593329,-80.0158591
40.4454378,-79.9465624
40.4293404,-79.9936185
40.4285973,-79.9935934
40.4274436,-79.9683767
40.4265804,-79.9687787
40.4261603,-79.9689801
40.4540647,-79.9494440
40.4602099,-79.9744302
40.4595055,-79.9735861
40.4588233,-79.9727903
40.4582557,-79.9721177
40.4356802,-79.9613251
40.4251279,-79.9920963
40.4307626,-79.9759676
40.4505518,-79.9651801
40.4543564,-79.9777606
40.4336515,-80.0194932
40.4338280,-80.0205540
40.4307711,-80.0074091
40.4314998,-80.0087805
40.4328519,-80.0134505
40.4406388,-79.9844499
40.4410637,-79.9834424
40.4431747,-79.9598798
40.4435666,-79.9593487
40.4450609,-79.9572727
40.4433626,-79.9660599
40.4515112,-80.0137156
40.4510499,-80.0162327
40.4506000,-80.0186328
40.4559026,-80.0078052
40.4557016,-80.0088149
40.4553119,-80.0107872
40.4552050,-80.0112669
40.4547027,-80.0143383
40.4546158,-80.0147858
40.4274356,-80.0106969
40.4254326,-80.0125557
40.4254611,-80.0130867
40.4406381,-79.9783093
40.4275730,-79.9415599
40.4279823,-79.9397741
40.4294403,-79.9819617
40.4288532,-79.9820217
40.4279327,-79.9821246
40.4275932,-79.9821650
40.4274916,-79.9821722
40.4257178,-79.9823355
40.4612158,-80.0087438
40.4448083,-79.9758746
40.4440426,-79.9856666
40.4444023,-79.9848443
40.4451214,-79.9831260
40.4459910,-79.9810821
40.4465185,-79.9798058
40.4467288,-79.9793069
40.4469226,-79.9788272
40.4471247,-79.9783472
40.4475423,-79.9773968
40.4477464,-79.9769462
40.4485217,-79.9751541
40.4496201,-79.9725312
40.4502326,-79.9711020
40.4508041,-79.9697180
40.4511368,-79.9689048
40.4513904,-79.9683430
40.4528801,-79.9649250
40.4540574,-79.9631781
40.4561950,-79.9558745
40.4353671,-80.0129098
40.4508157,-79.9721808
40.4586004,-79.9663786
40.4559834,-79.9642723
40.4551451,-79.9634956
40.4435037,-79.9993462
40.4426793,-79.9989361
40.4424103,-80.0334072
40.4409045,-80.0324889
40.4519607,-80.0165288
40.4515176,-80.0189177
40.4513027,-80.0200858
40.4506613,-80.0235725
40.4537697,-79.9991124
40.4553729,-79.9996374
40.4561761,-79.9999005
40.4567089,-80.0000750
40.4554064,-80.0150831
40.4534569,-80.0195376
40.4440998,-79.9846304
40.4447959,-79.9828920
40.4315940,-80.0066930
40.4288404,-80.0072707
40.4299989,-80.0204797
40.4308267,-80.0201608
40.4321907,-80.0198036
40.4349849,-80.0191668
40.4375096,-80.0176855
40.4346053,-79.9305881
40.4255359,-80.0039628
40.4261656,-79.9432966
40.4266583,-79.9411878
40.4270133,-79.9397741
40.4597114,-79.9858808
40.4371642,-79.9842471
40.4367748,-79.9842834
40.4354399,-79.9844127
40.4564259,-80.0015669
40.4566028,-80.0006344
40.4569289,-79.9988233
40.4572601,-79.9978601
40.4487485,-79.9690691
40.4480037,-79.9680282
40.4394547,-79.9849874
40.4398946,-79.9839222
40.4403188,-79.9828979
40.4406396,-79.9821034
40.4409657,-79.9813649
40.4413119,-79.9805582
40.4414961,-79.9801140
40.4436402,-79.9750721
40.4443588,-79.9733877
40.4449904,-79.9718577
40.4422766,-79.9664568
40.4428413,-79.9657483
40.4446847,-79.9632377
40.4475589,-79.9595658
40.4286253,-80.0082408
40.4275197,-80.0089246
40.4562825,-79.9800670
40.4556011,-79.9792441
40.4549261,-79.9784385
40.4459204,-79.9768392
40.4408401,-79.9739607
40.4459689,-79.9767249
40.4550900,-80.0011293
40.4556096,-79.9983893
40.4557660,-79.9973754
40.4562412,-79.9949391
40.4567327,-79.9925364
40.4316266,-79.9567361
40.4307033,-79.9555110
40.4297850,-79.9542348
40.4291544,-79.9534240
40.4285962,-79.9526552
40.4489426,-79.9686022
40.4256151,-80.0011770
40.4353887,-79.9306217
40.4397787,-79.9381585
40.4270502,-79.9385684
40.4261780,-79.9397905
40.4261943,-79.9388572
40.4258742,-79.9384142
40.4255877,-79.9489653
40.4253063,-79.9438219
40.4253389,-79.9432020
40.4259182,-79.9408721
40.4570923,-80.0256547
40.4371334,-79.9939992
40.4385093,-79.9938785
40.4570519,-79.9638990
40.4595516,-79.9578466
40.4556206,-79.9359495
40.4551820,-79.9370119
40.4555239,-79.9358948
40.4525538,-80.0199409
40.4575014,-80.0083136
40.4573182,-80.0093357
40.4285135,-79.9762450
40.4275893,-79.9763396
40.4503483,-79.9867975
40.4497214,-79.9860719
40.4491578,-79.9853981
40.4514944,-79.9492320
40.4524882,-79.9458873
40.4530873,-79.9438958
40.4574187,-79.9369449
40.4560571,-79.9361929
40.4548804,-79.9355181
40.4545054,-79.9352451
40.4309887,-79.9539467
40.4327795,-80.0338076
40.4348078,-80.0179740
40.4351324,-80.0202483
40.4507253,-79.9956937
40.4492686,-80.0045563
40.4525500,-79.9934951
40.4531908,-79.9926881
40.4541892,-79.9913815
40.4516033,-80.0238661
40.4510581,-80.0268021
40.4540714,-80.0197317
40.4538414,-80.0209121
40.4585028,-79.9348142
40.4581230,-79.9345911
40.4575494,-79.9342004
40.4277080,-79.9875044
40.4276053,-79.9828651
40.4277733,-79.9792190
40.4276837,-79.9777060
40.4274083,-79.9731195
40.4273122,-79.9714095
40.4255937,-79.9664959
40.4243923,-79.9646705
40.4279489,-79.9897735
40.4298921,-79.9960420
40.4255690,-79.9864740
40.4593030,-80.0266539
40.4587080,-80.0298670
40.4436448,-79.9304825
40.4561188,-80.0204068
40.4559028,-80.0215830
40.4552642,-80.0250597
40.4546208,-80.0285624
40.4539829,-80.0319826
40.4496371,-79.9361744
40.4281947,-79.9711583
40.4268629,-79.9715370
40.4468087,-79.9816676
40.4574442,-79.9565607
40.4384958,-80.0258814
40.4389960,-80.0273487
40.4383764,-80.0316035
40.4375178,-80.0228585
40.4380579,-80.0250549
40.4432709,-79.9830547
40.4444596,-79.9872375
40.4440640,-79.9869347
40.4438565,-79.9816811
40.4436452,-79.9815459
40.4255571,-80.0031554
40.4367497,-79.9745213
40.4298635,-80.0128583
40.4281338,-80.0146558
40.4265376,-79.9327329
40.4342024,-80.0306116
40.4516839,-79.9321787
40.4507989,-79.9316900
40.4501151,-79.9313342
40.4563861,-79.9504386
40.4566290,-79.9503530
40.4565974,-79.9497416
40.4530768,-79.9847547
40.4523666,-79.9839311
40.4516926,-79.9831310
40.4511320,-79.9824553
40.4504564,-79.9577951
40.4509532,-79.9575155
40.4528144,-79.9564275
40.4569970,-79.9604214
40.4588433,-80.0077807
40.4584538,-80.0097142
40.4599792,-79.9971617
40.4529752,-79.9924350
40.4294110,-79.9898296
40.4286787,-79.9897923
40.4272012,-79.9897503
40.4463281,-79.9555355
40.4437913,-79.9821206
40.4588927,-80.0262406
40.4582470,-80.0297188
40.4331400,-79.9549203
40.4329535,-79.9535111
40.4591996,-79.9309872
40.4343817,-79.9531863
40.4362187,-79.9527872
40.4378059,-79.9521229
40.4392006,-79.9515111
40.4534893,-80.0006051
40.4558931,-80.0013924
40.4581414,-80.0021288
40.4578416,-79.9419213
40.4565921,-79.9430736
40.4604843,-79.9485519
40.4593625,-79.9465391
40.4588015,-79.9454959
40.4368359,-79.9884595
40.4473014,-79.9766457
40.4252213,-79.9642146
40.4594300,-79.9913225
40.4583657,-79.9337970
40.4563216,-79.9335052
40.4560277,-79.9333249
40.4520614,-79.9309701
40.4511992,-79.9304530
40.4505169,-79.9300485
40.4469785,-79.9688319
40.4486992,-79.9702907
40.4345175,-79.9560681
40.4349817,-79.9559644
40.4547971,-79.9944109
40.4452819,-79.9487756
40.4559302,-79.9467308
40.4545676,-79.9466030
40.4579799,-80.0159631
40.4577615,-80.0171257
40.4463024,-79.9759391
40.4414526,-79.9999484
40.4407854,-79.9981675
40.4400917,-79.9962820
40.4253282,-79.9392313
40.4524572,-80.0204616
40.4540404,-80.0209768
40.4549928,-80.0212868
40.4568374,-80.0218872
40.4475587,-79.9677546
40.4480078,-79.9669928
40.4557360,-80.0152198
40.4273126,-79.9792705
40.4272215,-79.9777477
40.4269568,-79.9731677
40.4252785,-79.9668324
40.4386466,-79.9766869
40.4388713,-79.9761597
40.4592345,-80.0056323
40.4371311,-79.9330877
40.4371968,-79.9326892
40.4418226,-79.9606895
40.4312589,-79.9372717
40.4310566,-79.9379042
40.4424190,-79.9999092
40.4430927,-79.9973432
40.4432850,-79.9966053
40.4437251,-79.9938541
40.4441102,-79.9933951
40.4447331,-79.9926127
40.4482305,-79.9868925
40.4505585,-79.9832913
40.4522705,-79.9808061
40.4533761,-79.9791834
40.4563077,-79.9749535
40.4572799,-79.9735356
40.4602089,-79.9692768
40.4600264,-79.9459572
40.4594513,-79.9448775
40.4588131,-79.9437130
40.4583069,-79.9427917
40.4579743,-79.9421600
40.4573804,-79.9410147
40.4449317,-79.9938495
40.4457875,-79.9923945
40.4465559,-79.9911628
40.4507074,-79.9845600
40.4511152,-79.9839679
40.4528336,-79.9814754
40.4539473,-79.9798616
40.4568745,-79.9756252
40.4578421,-79.9742067
40.4358878,-80.0229122
40.4467755,-79.9715530
40.4469260,-79.9710912
40.4259375,-79.9314411
40.4592317,-79.9758390
40.4585311,-79.9749981
40.4508844,-79.9347047
40.4499830,-79.9342427
40.4595661,-79.9874513
40.4568134,-80.0323992
40.4579931,-80.0259479
40.4573494,-80.0294476
40.4593455,-79.9660085
40.4389093,-79.9307545
40.4409578,-79.9562105
40.4392309,-79.9540589
40.4386633,-79.9533781
40.4477861,-79.9924577
40.4471457,-79.9917932
40.4499355,-79.9673773
40.4316159,-79.9517996
40.4274978,-79.9509267
40.4603032,-79.9945980
40.4501262,-80.0159229
40.4505793,-80.0160757
40.4254304,-79.9645300
40.4262669,-79.9657406
40.4283202,-79.9730414
40.4285949,-79.9776125
40.4286851,-79.9791277
40.4288453,-79.9826788
40.4288419,-79.9828204
40.4287308,-79.9874993
40.4286507,-79.9910232
40.4294436,-79.9970986
40.4296784,-79.9977860
40.4534676,-79.9930197
40.4570478,-79.9952047
40.4271588,-79.9874722
40.4347264,-80.0344410
40.4552150,-80.0200931
40.4569761,-80.0211392
40.4404874,-80.0336148
40.4402156,-80.0343589
40.4468683,-79.9547902
40.4496136,-79.9329315
40.4454962,-79.9778389
40.4403481,-80.0230878
40.4368658,-80.0258004
40.4371036,-79.9549714
40.4364382,-79.9541546
40.4570339,-80.0048973
40.4576761,-80.0051150
40.4575334,-79.9448637
40.4291874,-80.0123411
40.4245779,-79.9323046
40.4450706,-79.9512601
40.4320442,-80.0188290
40.4558936,-80.0165096
40.4533915,-80.0244492
40.4543463,-80.0247605
40.4561785,-80.0253578
40.4561037,-80.0153543
40.4435749,-79.9842500
40.4445620,-79.9800403
40.4450945,-79.9787855
40.4453013,-79.9782981
40.4457186,-79.9773148
40.4461093,-79.9763941
40.4469858,-79.9743285
40.4480960,-79.9717124
40.4496788,-79.9679822
40.4500461,-79.9671167
40.4509677,-79.9649392
40.4364767,-79.9623132
40.4256879,-79.9985772
40.4448672,-79.9862603
40.4452190,-79.9854474
40.4478998,-79.9790952
40.4504859,-79.9729847
40.4516438,-79.9702966
40.4519840,-79.9694355
40.4371070,-79.9827022
40.4366691,-79.9827287
40.4362282,-79.9827595
40.4356499,-79.9828051
40.4551409,-79.9660061
40.4527378,-80.0279473
40.4293928,-79.9875257
40.4266116,-79.9874400
40.4261419,-79.9874132
40.4543727,-79.9476706
40.4549790,-79.9452126
40.4551732,-79.9445416
40.4553884,-79.9438307
40.4556680,-79.9428730
40.4559391,-79.9419596
40.4579442,-79.9351888
40.4539971,-79.9533431
40.4568096,-80.0060882
40.4574720,-80.0063061
40.4588074,-80.0067452
40.4428300,-79.9968074
40.4421317,-79.9949118
40.4418722,-79.9941964
40.4274391,-79.9323689
40.4548725,-79.9923924
40.4577328,-79.9508022
40.4463788,-79.9943696
40.4577208,-79.9637990
40.4569056,-80.0293068
40.4357879,-80.0222827
40.4361451,-80.0236596
40.4566356,-80.0070103
40.4331402,-79.9596087
40.4561154,-79.9495167
40.4560008,-79.9476161
40.4535067,-79.9441053
40.4526185,-79.9436504
40.4490066,-79.9426719
40.4460027,-79.9422545
40.4390541,-79.9807286
40.4541623,-79.9831292
40.4535052,-79.9822993
40.4598806,-79.9490461
40.4587599,-79.9470868
40.4581800,-79.9460441
40.4570518,-79.9439410
40.4301865,-79.9561500
40.4304449,-79.9558416
40.4345701,-79.9545959
40.4414939,-79.9470669
40.4449746,-79.9651475
40.4410272,-79.9938685
40.4552947,-79.9814691
40.4582480,-79.9772555
40.4322959,-80.0080550
40.4372543,-80.0172328
40.4383425,-80.0192976
40.4397161,-80.0219479
40.4294620,-79.9826737
40.4517347,-79.9847062
40.4301546,-79.9526166
40.4254650,-79.9397984
40.4253282,-79.9397892
40.4564126,-79.9986535
40.4417256,-80.0352954
40.4419939,-80.0345552
40.4472243,-79.9359345
40.4252694,-79.9387592
40.4423063,-79.9384198
40.4456986,-79.9941502
40.4463645,-79.9930183
40.4513242,-79.9852943
40.4546220,-79.9806749
40.4575623,-79.9764340
40.4294021,-79.9866890
40.4555215,-80.0288566
40.4349721,-80.0223707
40.4581854,-79.9981516
40.4361827,-79.9619532
40.4358252,-79.9614938
40.4348854,-79.9599812
40.4348068,-79.9597988
40.4502932,-79.9333348
40.4456312,-79.9867929
40.4444709,-79.9859733
40.4384364,-80.0019432
40.4377785,-80.0001939
40.4357983,-79.9815484
40.4362448,-79.9778101
40.4358791,-79.9592685
40.4351309,-79.9564204
40.4582581,-80.0075844
40.4432213,-79.9699101
40.4511570,-79.9338495
40.4252653,-79.9406116
40.4523511,-79.9300644
40.4564255,-79.9324627
40.4370744,-79.9814576
40.4366048,-79.9814952
40.4361679,-79.9815274
40.4513444,-80.0310976
40.4306904,-80.0192634
40.4595976,-80.0215557
40.4263686,-80.0131302
40.4580641,-79.9409101
40.4388811,-80.0016470
40.4469062,-79.9662208
40.4600172,-80.0192331
40.4598112,-80.0203903
40.4527910,-80.0315688
40.4556611,-80.0177268
40.4536950,-80.0282600
40.4370479,-79.9968100
40.4528252,-79.9426811
40.4529022,-79.9428625
40.4368868,-79.9777574
40.4615327,-79.9417075
40.4446500,-79.9698736
40.4572898,-80.0072258
40.4391092,-79.9820362
40.4391849,-79.9839692
40.4396751,-79.9523680
40.4382155,-79.9998934
40.4293865,-79.9910494
40.4576213,-79.9979496
40.4306349,-80.0212635
40.4400351,-79.9529986
40.4368319,-79.9852074
40.4255568,-79.9855971
40.4360720,-80.0338737
40.4358887,-80.0345469
40.4575431,-79.9474267
40.4277251,-79.9934133
40.4393090,-79.9849978
40.4568359,-79.9550836
40.4557744,-79.9659545
40.4573815,-79.9642054
40.4397076,-79.9705204
40.4401291,-79.9697721
40.4455279,-79.9989815
40.4375194,-79.9980626
40.4414478,-79.9555454
40.4253457,-79.9533310
40.4559904,-80.0289898
40.4399475,-79.9308005
40.4565745,-79.9976320
40.4540574,-79.9498534
40.4492381,-79.9463501
40.4445083,-79.9472574
40.4563551,-79.9475697
40.4535180,-79.9371629
40.4540822,-79.9374849
40.4546899,-79.9426276
40.4544287,-79.9435288
40.4399698,-79.9575785
40.4407889,-79.9481911
40.4437323,-80.0090159
40.4411880,-80.0068719
40.4426572,-80.0074440
40.4420277,-80.0088239
40.4419742,-80.0086760
40.4425444,-80.0085585
40.4424276,-80.0086082
40.4423286,-80.0085161
40.4424500,-80.0083983
40.4424130,-80.0087629
40.4432453,-80.0063532
40.4433871,-80.0068228
40.4430485,-80.0083166
40.4425228,-80.0076872
40.4426876,-80.0088785
40.4419736,-80.0089754
40.4417222,-80.0090443
40.4412029,-80.0090545
40.4395316,-80.0085716
40.4403536,-80.0082443
40.4406591,-80.0073840
40.4404158,-80.0075003
40.4403125,-80.0069996
40.4392261,-80.0074648
40.4395623,-80.0075111
40.4408310,-80.0068124
40.4410603,-80.0068354
40.4434036,-80.0088814
40.4429613,-80.0083973
40.4429179,-80.0082237
40.4428826,-80.0079969
40.4431786,-80.0060745
40.4432549,-80.0055463
40.4430562,-80.0062021
40.4465957,-80.0139841
40.4472601,-80.0102783
40.4450638,-80.0149418
40.4450771,-80.0144990
40.4452794,-80.0135487
40.4461912,-80.0098395
40.4466367,-80.0073290
40.4468000,-80.0174745
40.4468644,-80.0205704
40.4477844,-80.0197428
40.4478338,-80.0189761
40.4480092,-80.0178091
40.4468838,-80.0038118
40.4427325,-80.0021636
40.4419345,-80.0018039
40.4424825,-80.0030882
40.4432275,-80.0002630
40.4422011,-80.0041134
40.4434784,-80.0046554
40.4409570,-80.0040972
40.4405531,-80.0043734
40.4400473,-80.0047306
40.4410774,-80.0059273
40.4413600,-80.0042763
40.4415539,-80.0052091
40.4413017,-80.0060513
40.4291691,-79.9992591
40.4287111,-79.9967748
40.4290053,-79.9973939
40.4290817,-79.9981863
40.4289855,-79.9982403
40.4292808,-79.9988335
40.4297340,-79.9994378
40.4302841,-80.0005577
40.4310052,-80.0016342
40.4305906,-80.0004782
40.4315180,-80.0026761
40.4338299,-80.0067627
40.4321476,-80.0039403
40.4300767,-80.0016873
40.4308501,-80.0033380
40.4499579,-80.0047693
40.4504084,-80.0044566
40.4502178,-80.0054451
40.4506437,-80.0031900
40.4507352,-80.0030527
40.4509246,-80.0030097
40.4542490,-80.0041770
40.4539877,-80.0057821
40.4538375,-80.0065288
40.4514262,-80.0073850
40.4522003,-80.0076376
40.4500036,-80.0068378
40.4499840,-80.0067005
40.4522115,-80.0034202
40.4534167,-80.0038313
40.4482777,-80.0042714
40.4475469,-80.0040436
40.4486425,-80.0022888
40.4505084,-80.0028633
40.4556260,-79.9728950
40.4583092,-79.9571003
40.4258199,-79.9499353
40.4326856,-80.0036271
40.4446318,-79.9439807
40.4396209,-79.9467857
40.4448377,-79.9465570
40.4464025,-79.9400154
40.4343451,-79.9336388
40.4329043,-79.9359864
40.4325665,-79.9361853
40.4466363,-79.9412502
40.4412218,-79.9369424
40.4407006,-79.9375996
40.4476388,-80.0019560
40.4517530,-80.0278754
40.4487888,-80.0212579
40.4566085,-80.0297373
40.4566487,-80.0295259
40.4489964,-80.0046809
40.4309439,-80.0259986
40.4274960,-79.9620438
40.4292955,-79.9589126
40.4328923,-79.9589108
40.4313597,-79.9516009
40.4262745,-79.9635580
40.4353726,-79.9848074
40.4368595,-79.9721913
40.4377794,-80.0039857
40.4363454,-80.0010708
40.4386233,-80.0062314
40.4393899,-80.0081677
40.4584200,-79.9653109
40.4526944,-80.0014861
40.4531610,-79.9358769
40.4598081,-79.9563770
40.4596347,-79.9562042
40.4591882,-79.9570571
40.4591361,-79.9569675
40.4585712,-79.9572667
40.4584997,-79.9568088
40.4586514,-79.9572480
40.4586848,-79.9573474
40.4579726,-79.9605763
40.4578620,-79.9606261
40.4587137,-79.9577968
40.4590042,-79.9572334
40.4585293,-79.9582830
40.4589029,-79.9570690
40.4592713,-79.9566478
40.4600827,-79.9560769
40.4556603,-79.9660128
40.4558603,-79.9659059
40.4552248,-79.9660181
40.4540382,-79.9509882
40.4287191,-79.9736015
40.4373954,-79.9727424
40.4371083,-79.9725914
40.4338563,-79.9734764
40.4370289,-79.9736191
40.4361783,-79.9754707
40.4364971,-79.9746994
40.4365567,-79.9741323
40.4361203,-79.9691192
40.4357154,-79.9657645
40.4357722,-79.9622129
40.4357587,-79.9643131
40.4356599,-79.9636708
40.4356554,-79.9632928
40.4356957,-79.9628612
40.4357086,-79.9647612
40.4359014,-79.9649060
40.4377638,-79.9646232
40.4375721,-79.9652115
40.4365743,-79.9662755
40.4364541,-79.9668252
40.4374736,-79.9719491
40.4377661,-79.9653521
40.4290376,-79.9988858
40.4322857,-79.9756300
40.4314831,-79.9722672
40.4565145,-79.9336141
40.4279164,-79.9638283
40.4287699,-79.9651372
40.4386615,-79.9458000
40.4278389,-79.9662208
40.4285804,-79.9653736
40.4270916,-79.9647832
40.4277142,-79.9640818
40.4283084,-79.9679589
40.4289931,-79.9676365
40.4268930,-79.9628617
40.4271887,-79.9625177
40.4262887,-79.9385533
40.4464077,-79.9482798
40.4421450,-79.9306028
40.4289064,-79.9993366
40.4375568,-80.0196530
40.4364041,-80.0156207
40.4355370,-80.0127124
40.4294182,-79.9671308
40.4352342,-79.9468327
40.4353113,-79.9464057
40.4349864,-79.9449379
40.4303792,-79.9450610
40.4344975,-80.0080330
40.4327225,-80.0032224
40.4314402,-80.0019189
40.4313434,-80.0015527
40.4481185,-79.9496952
40.4572830,-80.0299493
40.4520438,-79.9714019
40.4510799,-79.9667977
40.4459339,-79.9664135
40.4434472,-79.9805682
40.4564344,-79.9985382
40.4565632,-79.9976977
40.4572260,-79.9979522
40.4589577,-80.0008266
40.4569692,-79.9987118
40.4576713,-80.0003903
40.4552861,-80.0076079
40.4544154,-80.0083946
40.4557150,-80.0053159
40.4556414,-80.0057041
40.4541445,-80.0061855
40.4558617,-80.0045422
40.4560252,-80.0036802
40.4554663,-80.0066273
40.4367224,-79.9842897
40.4392328,-79.9850045
40.4393639,-79.9863955
40.4385133,-79.9841328
40.4441175,-79.9880324
40.4360224,-79.9999602
40.4357413,-79.9995367
40.4362618,-79.9993177
40.4389688,-80.0076931
40.4366744,-80.0015866
40.4365253,-80.0010147
40.4358595,-79.9997900
40.4356535,-79.9988489
40.4589958,-79.9990846
40.4311652,-80.0264721
40.4322793,-80.0278681
40.4316421,-80.0274121
40.4306671,-80.0261891
40.4307445,-80.0259211
40.4310181,-80.0281827
40.4269396,-80.0308817
40.4302763,-80.0271995
40.4299028,-80.0287214
40.4326105,-80.0288394
40.4332372,-80.0288546
40.4417404,-80.0092053
40.4412191,-80.0092460
40.4407109,-80.0093227
40.4412116,-80.0091783
40.4405032,-80.0093823
40.4411892,-80.0088035
40.4417095,-80.0088207
40.4417186,-80.0088843
40.4411974,-80.0089480
40.4417195,-80.0089899
40.4417057,-80.0087127
40.4390230,-80.0153611
40.4394870,-80.0165401
40.4394403,-80.0102877
40.4384187,-80.0147552
40.4383368,-80.0123312
40.4394313,-80.0102794
40.4397008,-80.0098215
40.4401572,-80.0087298
40.4437875,-80.0051359
40.4436942,-80.0059072
40.4435283,-80.0089073
40.4436553,-80.0047319
40.4435325,-80.0052910
40.4434666,-80.0063343
40.4457940,-79.9982680
40.4467241,-79.9946955
40.4430327,-80.0079590
40.4434339,-80.0062417
40.4438986,-80.0044784
40.4424327,-80.0073961
40.4445659,-80.0008472
40.4446821,-80.0008919
40.4453897,-79.9991157
40.4452423,-79.9990528
40.4441033,-80.0027716
40.4442438,-80.0028175
40.4446780,-79.9957242
40.4450312,-79.9957019
40.4464964,-79.9963536
40.4463750,-79.9966708
40.4449486,-79.9960266
40.4463980,-79.9966108
40.4464734,-79.9964136
40.4371159,-80.0026896
40.4366887,-80.0009094
40.4377637,-80.0044142
40.4380473,-80.0045205
40.4380988,-80.0045276
40.4385033,-80.0057328
40.4393929,-80.0084894
40.4385152,-80.0057644
40.4382693,-80.0057601
40.4334685,-80.0065632
40.4328032,-80.0050774
40.4345477,-80.0093288
40.4345294,-80.0093571
40.4265530,-80.0173513
40.4262356,-80.0183603
40.4288736,-80.0242070
40.4275200,-80.0232805
40.4292935,-79.9991765
40.4289758,-79.9995143
40.4442130,-80.0279905
40.4459850,-80.0305127
40.4431009,-80.0298791
40.4277316,-79.9932155
40.4306472,-80.0024176
40.4359579,-79.9945820
40.4389934,-79.9936998
40.4340964,-79.9958542
40.4346237,-79.9953364
40.4355424,-79.9947012
40.4357864,-79.9946692
40.4364967,-79.9971702
40.4366787,-79.9970469
40.4357665,-79.9942132
40.4390331,-79.9938367
40.4353009,-79.9931286
40.4361104,-79.9957297
40.4359179,-79.9951866
40.4356325,-79.9942662
40.4355034,-79.9938662
40.4356245,-79.9949534
40.4362190,-79.9950363
40.4368079,-79.9946644
40.4366638,-79.9946305
40.4376581,-79.9944472
40.4357708,-79.9946984
40.4358662,-79.9646192
40.4354262,-79.9838273
40.4351099,-79.9951532
40.4351608,-79.9951762
40.4365659,-79.9971213
40.4366379,-79.9972418
40.4361481,-79.9960119
40.4358497,-79.9944629
40.4358993,-79.9944681
40.4357989,-79.9944920
40.4343377,-79.9897584
40.4346179,-79.9898560
40.4377173,-79.9919742
40.4346322,-79.9899901
40.4379766,-79.9920860
40.4377254,-79.9921029
40.4379709,-79.9919568
40.4380448,-79.9952827
40.4377157,-79.9940890
40.4368905,-79.9946188
40.4390219,-79.9936824
40.4390894,-79.9938109
40.4407002,-79.9947171
40.4441046,-79.9911034
40.4430246,-79.9927519
40.4421634,-79.9936534
40.4419345,-79.9938302
40.4416262,-79.9940452
40.4412139,-79.9940206
40.4411025,-79.9936268
40.4451679,-79.9893160
40.4391584,-79.9935914
40.4407180,-79.9927676
40.4446433,-79.9903486
40.4443249,-79.9908314
40.4416680,-79.9925436
40.4408226,-79.9944357
40.4424040,-79.9916120
40.4449042,-79.9898894
40.4430823,-79.9929083
40.4448291,-79.9900965
40.4443922,-79.9910889
40.4432559,-79.9925782
40.4435952,-79.9916388
40.4416867,-79.9926087
40.4430657,-79.9928244
40.4426514,-79.9932894
40.4412495,-79.9927442
40.4416775,-79.9940157
40.4418632,-79.9929250
40.4415278,-79.9929103
40.4405297,-79.9932117
40.4394530,-79.9936131
40.4412629,-79.9927895
40.4406718,-79.9930241
40.4447229,-79.9900000
40.4397377,-79.9932960
40.4418239,-79.9937221
40.4428057,-79.9922005
40.4428945,-79.9909750
40.4429817,-79.9910568
40.4441296,-79.9908225
40.4461395,-79.9902575
40.4441983,-79.9904881
40.4428420,-79.9912140
40.4427460,-79.9908677
40.4436084,-79.9892634
40.4425010,-79.9911456
40.4417270,-79.9921212
40.4419937,-79.9918695
40.4415648,-79.9922022
40.4416314,-79.9920313
40.4414803,-79.9921915
40.4405327,-79.9916495
40.4404458,-79.9916058
40.4394982,-79.9911295
40.4393968,-79.9910804
40.4415050,-79.9922343
40.4414503,-79.9935071
40.4414074,-79.9931378
40.4413547,-79.9931217
40.4415262,-79.9923390
40.4412351,-79.9931252
40.4414549,-79.9922612
40.4394453,-79.9909297
40.4392325,-79.9908484
40.4404448,-79.9914376
40.4435213,-79.9892023
40.4438698,-79.9944232
40.4477745,-79.9912955
40.4475243,-79.9906914
40.4477466,-79.9908555
40.4475444,-79.9906303
40.4476092,-79.9909253
40.4550202,-79.9975826
40.4550712,-79.9972983
40.4549304,-79.9979876
40.4506147,-79.9940680
40.4533329,-79.9954515
40.4551202,-79.9933259
40.4546931,-79.9943446
40.4543896,-79.9949165
40.4533589,-79.9961261
40.4521179,-79.9965070
40.4507672,-79.9946380
40.4491849,-79.9986367
40.4495074,-79.9986474
40.4490768,-79.9984221
40.4493196,-79.9990551
40.4490001,-80.0007517
40.4494329,-79.9979176
40.4563835,-79.9919472
40.4512260,-79.9985052
40.4508137,-80.0007315
40.4508645,-80.0008851
40.4496721,-80.0009792
40.4508423,-79.9976041
40.4492407,-80.0033420
40.4500894,-79.9977228
40.4613483,-79.9997451
40.4582634,-79.9992623
40.4624263,-79.9994552
40.4535947,-79.9977393
40.4512995,-79.9982612
40.4520137,-79.9974767
40.4501236,-79.9997974
40.4526694,-79.9969752
40.4588588,-79.9984345
40.4587095,-79.9984425
40.4584498,-79.9982599
40.4586038,-79.9984013
40.4585881,-79.9986483
40.4584002,-79.9992387
40.4593713,-79.9990578
40.4520357,-79.9963195
40.4540974,-79.9937654
40.4548279,-79.9944593
40.4549528,-79.9945250
40.4544495,-79.9940921
40.4530104,-79.9961533
40.4494931,-80.0009246
40.4527128,-79.9960638
40.4530104,-79.9959895
40.4540865,-79.9968141
40.4541795,-79.9968494
40.4540323,-79.9978705
40.4538283,-79.9988003
40.4539567,-79.9976945
40.4491904,-79.9994410
40.4561913,-79.9910175
40.4565262,-79.9903403
40.4532543,-79.9959962
40.4540787,-79.9968721
40.4552658,-79.9935603
40.4552514,-79.9929347
40.4540509,-79.9977240
40.4541700,-79.9969056
40.4556611,-79.9930630
40.4598081,-79.9995272
40.4491115,-80.0047255
40.4489305,-80.0057471
40.4503642,-79.9987702
40.4533457,-79.9980516
40.4543022,-79.9940062
40.4489788,-79.9977569
40.4500112,-80.0004756
40.4496034,-80.0028102
40.4498638,-80.0004265
40.4494014,-80.0002749
40.4496504,-80.0003953
40.4496421,-80.0013189
40.4495932,-80.0025903
40.4499674,-80.0269434
40.4476292,-80.0209968
40.4487719,-80.0189967
40.4490156,-80.0212450
40.4550095,-80.0295493
40.4486766,-80.0239310
40.4485938,-80.0236409
40.4480380,-80.0216272
40.4489147,-80.0249921
40.4484685,-80.0218804
40.4480099,-80.0211270
40.4489609,-80.0195834
40.4488923,-80.0182652
40.4490043,-80.0209025
40.4489890,-80.0182919
40.4487399,-80.0182019
40.4489652,-80.0210930
40.4492748,-80.0205695
40.4492677,-80.0214349
40.4487212,-80.0177380
40.4498471,-80.0174459
40.4495482,-80.0173424
40.4492360,-80.0178037
40.4491531,-80.0181581
40.4484746,-80.0141050
40.4488502,-80.0155695
40.4489318,-80.0158886
40.4489992,-80.0178440
40.4488767,-80.0177957
40.4485910,-80.0144993
40.4490972,-80.0166477
40.4499023,-80.0171447
40.4482234,-80.0078292
40.4484363,-80.0074166
40.4486589,-80.0071401
40.4484663,-80.0079078
40.4483664,-80.0130428
40.4482399,-80.0104438
40.4489971,-80.0072063
40.4482166,-80.0090548
40.4482276,-80.0088638
40.4464713,-80.0099115
40.4483361,-80.0143811
40.4481027,-80.0172647
40.4482638,-80.0145038
40.4482664,-80.0165914
40.4485501,-80.0117527
40.4484583,-80.0093977
40.4487298,-80.0061951
40.4490559,-80.0179415
40.4486395,-80.0178535
40.4484542,-80.0128014
40.4470989,-80.0101889
40.4491418,-80.0053299
40.4487053,-80.0117795
40.4487849,-80.0147085
40.4455513,-80.0096013
40.4484399,-80.0121979
40.4455537,-80.0095989
40.4486488,-80.0125116
40.4478751,-80.0206893
40.4479297,-80.0208371
40.4483992,-80.0211249
40.4437309,-80.0090115
40.4466674,-80.0198362
40.4477534,-80.0202121
40.4561209,-80.0293480
40.4560785,-80.0295708
40.4517885,-80.0282229
40.4568601,-80.0301480
40.4561572,-80.0291387
40.4558371,-80.0298052
40.4497919,-80.0269483
40.4503284,-80.0279608
40.4501774,-80.0278267
40.4505844,-80.0281129
40.4582650,-80.0297997
40.4592488,-80.0301285
40.4581050,-80.0299118
40.4618196,-80.0306173
40.4580536,-80.0301780
40.4595622,-80.0309634
40.4592187,-80.0302974
40.4580822,-80.0300316
40.4584337,-80.0305992
40.4579027,-80.0304879
40.4529410,-80.0037184
40.4581147,-80.0259874
40.4356647,-79.9687170
40.4363068,-79.9726234
40.4341008,-79.9937689
40.4373821,-79.9726286
40.4358235,-79.9726554
40.4283842,-79.9740971
40.4283244,-79.9731052
40.4286969,-79.9734724
40.4299454,-79.9734172
40.4312278,-79.9737123
40.4345585,-79.9886421
40.4345309,-79.9870964
40.4345392,-79.9905098
40.4359534,-79.9743319
40.4348925,-79.9926914
40.4305490,-79.9886544
40.4364461,-79.9683011
40.4358231,-79.9667626
40.4356985,-79.9684136
40.4344804,-79.9898215
40.4344579,-79.9883044
40.4357793,-79.9720011
40.4357415,-79.9714417
40.4357006,-79.9708363
40.4314204,-79.9585474
40.4316025,-79.9588234
40.4308068,-79.9582034
40.4297280,-79.9568395
40.4317846,-79.9590716
40.4324752,-79.9590296
40.4363141,-79.9464724
40.4283279,-79.9475530
40.4276379,-79.9503008
40.4290715,-79.9317404
40.4289218,-79.9348252
40.4286906,-79.9290153
40.4282649,-79.9301247
40.4288590,-79.9307163
40.4604158,-79.9722668
40.4597351,-79.9714585
40.4598556,-79.9712641
40.4605402,-79.9720866
40.4598114,-79.9843001
40.4490258,-79.9877449
40.4426118,-79.9991872
40.4422446,-79.9998210
40.4372377,-80.0005492
40.4388078,-80.0047159
40.4416955,-80.0027106
40.4460087,-79.9942747
40.4301265,-80.0040685
40.4304614,-80.0017772
40.4310738,-80.0103658
40.4257327,-79.9855666
40.4561771,-79.9748062
40.4563474,-79.9737744
40.4557338,-79.9730365
40.4592707,-79.9659659
40.4445465,-79.9467583
40.4554641,-79.9922451
40.4515716,-80.0107759
40.4555705,-80.0182209
40.4584432,-80.0241816
40.4587389,-80.0234844
40.4586767,-80.0231555
40.4597063,-80.0338238
40.4596858,-80.0339431
40.4308310,-79.9963122
40.4311965,-79.9961934
40.4298595,-79.9968536
40.4297560,-79.9969135
40.4405473,-79.9884128
40.4405346,-79.9914796
40.4404547,-79.9927965
40.4406002,-79.9867884
40.4402425,-79.9933597
40.4403510,-79.9915640
40.4403602,-79.9928348
40.4404449,-79.9913305
40.4404900,-79.9873221
40.4403693,-79.9913983
40.4537327,-79.9961276
40.4527981,-79.9973493
40.4270250,-80.0051742
40.4320865,-80.0161332
40.4297713,-80.0170050
40.4303291,-80.0133760
40.4385901,-79.9534537
40.4412021,-80.0311735
40.4394179,-80.0327578
40.4401747,-80.0320666
40.4404646,-79.9875826
40.4408786,-79.9862862
40.4405871,-79.9873412
40.4405635,-79.9875821
40.4405463,-79.9896506
40.4409365,-79.9918554
40.4443520,-79.9412794
40.4292268,-79.9990384
40.4294233,-79.9990869
40.4293345,-79.9993081
40.4293091,-79.9996288
40.4260909,-79.9890376
40.4271308,-79.9885273
40.4293720,-79.9886013
40.4294478,-79.9672352
40.4252870,-79.9749435
40.4276705,-79.9863487
40.4298778,-80.0177150
40.4300319,-80.0178677
40.4289857,-79.9989665
40.4291904,-79.9977569
40.4290385,-79.9983573
40.4289300,-79.9993213
40.4291305,-79.9982909
40.4392309,-79.9910160
40.4497741,-79.9746495
40.4473340,-79.9778663
40.4507857,-79.9722539
40.4473878,-79.9777466
40.4494235,-79.9755178
40.4567123,-79.9560968
40.4408233,-79.9844395
40.4407900,-79.9845664
40.4382276,-79.9725881
40.4411026,-79.9847866
40.4411574,-79.9846714
40.4411927,-79.9848032
40.4485351,-79.9583734
40.4532649,-79.9628816
40.4493166,-79.9688358
40.4448767,-79.9837093
40.4456943,-79.9842998
40.4368934,-79.9896901
40.4370339,-79.9926046
40.4386709,-79.9876663
40.4588357,-79.9645612
40.4555476,-79.9663439
40.4554027,-79.9660459
40.4588259,-79.9657433
40.4580112,-79.9639559
40.4579919,-79.9628633
40.4591955,-80.0099567
40.4490664,-80.0004229
40.4492229,-80.0008239
40.4594234,-80.0182359
40.4552109,-79.9946084
40.4582261,-79.9948400
40.4582295,-79.9920258
40.4590803,-79.9868658
40.4599772,-79.9884637
40.4578288,-79.9883752
40.4592283,-79.9968126
40.4582287,-79.9946891
40.4582532,-79.9943526
40.4552066,-79.9940917
40.4579997,-79.9946039
40.4500054,-79.9873536
40.4490040,-79.9888194
40.4409631,-80.0034503
40.4418338,-80.0039458
40.4402868,-79.9933860
40.4412678,-79.9926198
40.4418289,-79.9941294
40.4418657,-79.9940958
40.4426686,-79.9909520
40.4268085,-80.0173405
40.4301213,-80.0137812
40.4360624,-79.9945410
40.4558433,-80.0289617
40.4578865,-80.0296179
40.4543277,-79.9970476
40.4319726,-79.9330552
40.4251266,-79.9520168
40.4404588,-79.9884124
40.4182652,-79.9552033
40.4290491,-79.9662619
40.4329686,-80.0036708
40.4539518,-79.9558303
40.4351112,-79.9471507
40.4347786,-79.9459879
40.4348985,-79.9458085
40.4360418,-79.9462018
40.4349095,-79.9485560
40.4537326,-80.0196247
40.4511179,-80.0117249
40.4508459,-80.0122184
40.4481819,-80.0212737
40.4487207,-80.0240823
40.4481204,-80.0214332
40.4481813,-80.0216145
40.4482976,-80.0225585
40.4483397,-80.0215055
40.4313300,-79.9953716
40.4310337,-79.9953958
40.4326500,-80.0035153
40.4334003,-80.0031441
40.4517054,-80.0102975
40.4461333,-80.0101528
40.4407196,-80.0189005
40.4587922,-79.9578053
40.4589894,-79.9570918
40.4591158,-79.9571264
40.4593398,-79.9569168
40.4403242,-79.9922903
40.4571770,-79.9989049
40.4398644,-80.0073047
40.4405801,-80.0067889
40.4408604,-80.0067132
40.4409190,-80.0064921
40.4409733,-80.0062777
40.4410898,-80.0067468
40.4411134,-80.0040060
40.4411947,-80.0064108
40.4411932,-80.0055405
40.4411737,-80.0039730
40.4412534,-80.0068553
40.4413493,-80.0049985
40.4414163,-80.0039035
40.4414206,-80.0056517
40.4434659,-80.0059036
40.4372727,-79.9656326
40.4566238,-79.9915350
40.4445343,-79.9591925
40.4446575,-79.9590251
40.4299742,-79.9577602
40.4306409,-79.9598257
40.4357722,-79.9966389
40.4362664,-79.9963313
40.4356941,-79.9948075
40.4511111,-80.0082190
40.4516452,-80.0083863
40.4310432,-79.9899512
40.4449717,-79.9960394
40.4450577,-79.9957097
40.4405016,-79.9602310
40.4521833,-79.9324473
40.4370749,-79.9735078
40.4563247,-79.9906246
40.4520185,-80.0085104
40.4340529,-79.9652758
40.4396106,-79.9943367
40.4411526,-79.9700336
40.4414096,-79.9711900
40.4393469,-79.9701492
40.4412361,-79.9704274
40.4416525,-79.9699902
40.4412702,-79.9700244
40.4396536,-79.9675245
40.4417534,-79.9695255
40.4258720,-79.9479423
40.4266285,-79.9508502
40.4379217,-79.9989709
40.4383376,-79.9986991
40.4393680,-79.9980255
40.4396726,-79.9977826
40.4386925,-79.9464587
40.4329460,-79.9366524
40.4376899,-79.9409057
40.4328104,-79.9371522
40.4332250,-79.9369307
40.4335600,-79.9384019
40.4451180,-79.9556407
40.4516670,-79.9341489
40.4414268,-79.9555026
40.4392844,-80.0214047
40.4502105,-80.0281188
40.4482570,-80.0191023
40.4510891,-80.0187788
40.4309068,-79.9375618
40.4408950,-80.0258863
40.4494606,-79.9802841
40.4486742,-79.9797266
40.4382860,-80.0050253
40.4432484,-79.9712635
40.4432332,-79.9705065
40.4424209,-79.9699510
40.4393901,-79.9683670
40.4387715,-79.9687336
40.4390777,-79.9695678
40.4396674,-79.9691779
40.4398640,-79.9694830
40.4394047,-79.9702087
40.4496348,-79.9933284
40.4497111,-79.9932162
40.4351821,-80.0228912
40.4352952,-80.0232177
40.4452736,-79.9355973
40.4536687,-79.9637833
40.4562408,-79.9565463
40.4431965,-79.9762102
40.4359353,-79.9573846
40.4363159,-79.9568647
40.4596517,-79.9686705
40.4316174,-79.9817427
40.4316461,-79.9802610
40.4372497,-79.9865631
40.4568007,-79.9651224
40.4580025,-79.9601448
40.4598474,-79.9843532
40.4289450,-79.9567010
40.4321473,-80.0165084
40.4438199,-79.9937721
40.4438805,-79.9938634
40.4442144,-79.9934625
40.4446276,-79.9927816
40.4347133,-79.9457455
40.4250936,-79.9494989
40.4484800,-80.0158769
40.4302737,-79.9531202
40.4468487,-79.9394885
40.4260420,-79.9489776
40.4292151,-79.9439467
40.4342652,-79.9571990
40.4358849,-79.9656399
40.4420163,-79.9309898
40.4477001,-79.9312188
40.4434974,-79.9314184
40.4454526,-79.9405626
40.4356491,-79.9576242
40.4359325,-79.9574936
40.4360486,-79.9464172
40.4362303,-79.9463999
40.4404484,-79.9648237
40.4409337,-79.9682420
40.4405603,-79.9689002
40.4334791,-79.9582492
40.4353074,-79.9459338
40.4421769,-80.0314831
40.4345953,-79.9484862
40.4347937,-79.9478187
40.4350273,-79.9448565
40.4351689,-79.9472021
40.4352966,-79.9468457
40.4353734,-79.9464172
40.4598531,-79.9474824
40.4566029,-79.9500395
40.4454268,-79.9986069
40.4541934,-79.9733613
40.4286644,-79.9379543
40.4413628,-79.9492226
40.4545643,-79.9430611
40.4552796,-79.9441868
40.4344522,-79.9497504
40.4413649,-79.9492390
40.4359869,-79.9617172
40.4367907,-79.9635503
40.4465358,-79.9573966
40.4489476,-79.9559780
40.4520859,-79.9544447
40.4358939,-79.9586435
40.4521889,-79.9544017
40.4440154,-79.9576299
40.4466773,-80.0345274
40.4445037,-80.0315536
40.4430484,-79.9658721
40.4430005,-79.9655271
40.4390220,-79.9946497
40.4381564,-79.9943727
40.4413407,-79.9927333
40.4457164,-79.9904491
40.4392716,-79.9729962
40.4429800,-79.9677162
40.4488660,-79.9645406
40.4528816,-79.9649339
40.4529250,-79.9649657
40.4394272,-80.0045793
40.4388860,-80.0049295
40.4377542,-80.0019334
40.4372725,-80.0023313
40.4378648,-80.0039057
40.4382904,-80.0041862
40.4277767,-79.9407689
40.4347861,-79.9596786
40.4363835,-79.9638726
40.4358355,-79.9632022
40.4365635,-79.9638768
40.4334201,-79.9330416
40.4259143,-79.9537740
40.4365551,-79.9515823
40.4359548,-79.9566024
40.4357218,-79.9562095
40.4512149,-80.0104503
40.4512629,-80.0101828
40.4539326,-80.0149627
40.4536952,-80.0144589
40.4543949,-79.9954647
40.4544030,-79.9958433
40.4544112,-79.9941727
40.4547407,-79.9944366
40.4547728,-79.9944438
40.4547759,-79.9943776
40.4553283,-79.9938746
40.4292997,-79.9660849
40.4376230,-79.9711720
40.4336983,-79.9659270
40.4337951,-79.9733286
40.4353920,-80.0130671
40.4316439,-80.0067833
40.4430157,-79.9379277
40.4338223,-80.0309529
40.4337304,-80.0310360
40.4458204,-79.9981913
40.4468474,-79.9954411
40.4401629,-79.9935857
40.4402230,-79.9934164
40.4411396,-79.9917829
40.4551629,-79.9328074
40.4380165,-80.0140306
40.4355726,-79.9944873
40.4460345,-79.9961501
40.4357255,-79.9965362
40.4360873,-79.9960525
40.4361114,-79.9960367
40.4362288,-79.9963530
40.4366434,-79.9970671
40.4365429,-79.9971367
40.4352186,-79.9953270
40.4350892,-79.9949731
40.4356860,-79.9629515
40.4447714,-79.9925521
40.4450509,-79.9921113
40.4501659,-80.0011388
40.4489676,-80.0044698
40.4494236,-80.0046050
40.4494732,-80.0046197
40.4497024,-80.0046897
40.4495364,-80.0010926
40.4484422,-80.0079659
40.4496741,-80.0088515
40.4500199,-80.0089737
40.4482864,-80.0078521
40.4486423,-80.0071639
40.4512840,-79.9954183
40.4516082,-79.9949298
40.4508707,-79.9941883
40.4506036,-79.9945635
40.4482325,-80.0261475
40.4483120,-80.0257274
40.4415851,-79.9927300
40.4262459,-79.9540500
40.4295170,-79.9585430
40.4272738,-79.9500556
40.4367795,-80.0010208
40.4397335,-79.9622355
40.4560305,-79.9753369
40.4440186,-79.9393703
40.4453339,-79.9892301
40.4393364,-79.9750036
40.4408903,-79.9787284
40.4557170,-79.9659822
40.4594372,-79.9660522
40.4358861,-79.9589729
40.4487693,-79.9480214
40.4556370,-79.9458782
40.4535451,-80.0079676
40.4276921,-80.0041228
40.4544723,-79.9433756
40.4252555,-79.9513305
40.4486491,-80.0043782
40.4527107,-80.0077977
40.4448269,-80.0009475
40.4511638,-80.0105483
40.4512575,-80.0100389
40.4515583,-80.0110681
40.4516262,-80.0108220
40.4516777,-80.0105505
40.4499535,-79.9331332
40.4345553,-79.9599793
40.4427316,-80.0304634
40.4459514,-79.9964802
40.4541265,-80.0137838
40.4553650,-80.0071786
40.4557419,-80.0051738
40.4559455,-80.0041006
40.4561306,-80.0031245
40.4503916,-79.9353668
40.4536235,-80.0144318
40.4540768,-80.0146000
40.4408780,-79.9483531
40.4301341,-79.9991196
40.4432804,-80.0251029
40.4577738,-80.0074253
40.4577889,-80.0073493
40.4588757,-80.0077030
40.4537888,-80.0146579
40.4539389,-80.0149204
40.4539985,-80.0145273
40.4409308,-80.0024067
40.4249316,-79.9520598
40.4250353,-79.9530929
40.4556373,-80.0178565
40.4557432,-80.0172971
40.4509615,-80.0244997
40.4580766,-80.0159949
40.4527181,-80.0035870
40.4529933,-80.0034158
40.4531799,-80.0037540
40.4583701,-79.9982267
40.4595083,-79.9970171
40.4599349,-79.9952049
40.4596179,-79.9947372
40.4494243,-80.0172028
40.4497173,-80.0088668
40.4500877,-80.0027541
40.4511569,-80.0104496
40.4490166,-79.9976538
40.4575084,-80.0233315
40.4575869,-80.0233570
40.4350529,-80.0076111
40.4404410,-79.9909004
40.4512609,-80.0031092
40.4531484,-80.0026025
40.4483317,-80.0116392
40.4512874,-79.9983013
40.4545438,-79.9940912
40.4440812,-79.9664890
40.4575914,-79.9905575
40.4577942,-79.9916630
40.4580974,-79.9896046
40.4583261,-79.9934267
40.4585837,-79.9899073
40.4591853,-79.9924050
40.4595326,-79.9935307
40.4596352,-79.9902597
40.4574977,-79.9881834
40.4594708,-80.0176958
40.4378517,-79.9307258
40.4432206,-79.9899183
40.4419641,-79.9890321
40.4440085,-79.9914591
40.4360752,-79.9518330
40.4493779,-79.9901129
40.4512185,-79.9875330
40.4477717,-79.9876242
40.4395467,-79.9909806
40.4548067,-79.9922944
40.4489933,-80.0181030
40.4499372,-80.0089445
40.4505704,-80.0012647
40.4314798,-80.0037495
40.4432892,-80.0281193
40.4523351,-80.0191818
40.4437929,-79.9939418
40.4421687,-79.9950104
40.4407772,-79.9959445
40.4401295,-79.9963888
40.4394102,-79.9968450
40.4387066,-79.9973115
40.4380509,-79.9977570
40.4370774,-79.9983694
40.4515371,-79.9907272
40.4538278,-79.9934450
40.4544915,-79.9636837
40.4476501,-80.0034939
40.4483658,-80.0037289
40.4317237,-80.0056060
40.4290116,-79.9982979
40.4261805,-80.0205939
40.4256605,-80.0197089
40.4298367,-80.0278955
40.4422654,-79.9783277
40.4423591,-79.9755935
40.4420286,-79.9765975
40.4415181,-79.9768005
40.4389270,-79.9938990
40.4462347,-79.9503575
40.4462603,-79.9500723
40.4416485,-79.9982461
40.4359177,-79.9581508
40.4405889,-80.0317819
40.4438189,-80.0301670
40.4429356,-80.0296880
40.4435649,-80.0281124
40.4444221,-80.0287897
40.4444789,-80.0288915
40.4437738,-80.0277455
40.4437025,-80.0276246
40.4435046,-80.0307080
40.4433805,-80.0309675
40.4432269,-80.0313838
40.4437605,-80.0297016
40.4435640,-80.0307005
40.4441357,-80.0294661
40.4426288,-80.0301044
40.4430229,-80.0291460
40.4432228,-80.0307434
40.4429628,-80.0307622
40.4428712,-80.0307675
40.4425166,-80.0308591
40.4445976,-80.0289467
40.4444144,-80.0282978
40.4436834,-80.0274598
40.4457454,-80.0302965
40.4440466,-80.0283090
40.4443814,-80.0289520
40.4445440,-80.0288820
40.4443828,-80.0284876
40.4447478,-80.0289940
40.4438988,-80.0277378
40.4437185,-80.0272637
40.4436432,-80.0279114
40.4431979,-80.0287649
40.4429450,-80.0290650
40.4422307,-80.0297952
40.4441835,-80.0281922
40.4432416,-80.0290877
40.4430211,-80.0252591
40.4397704,-80.0324372
40.4393927,-80.0326625
40.4334928,-80.0283960
40.4305145,-80.0256198
40.4327049,-80.0298095
40.4326140,-80.0299726
40.4330264,-80.0292328
40.4323443,-80.0285876
40.4331192,-80.0285311
40.4327499,-80.0282020
40.4327646,-80.0285581
40.4304563,-80.0281535
40.4303527,-80.0282534
40.4325681,-80.0300550
40.4306021,-80.0283207
40.4309525,-80.0286050
40.4309939,-80.0266626
40.4302290,-80.0252458
40.4315390,-80.0271962
40.4304110,-80.0283911
40.4316880,-80.0277058
40.4313078,-80.0277125
40.4289370,-80.0239027
40.4335875,-80.0291002
40.4314042,-80.0271828
40.4293789,-80.0245187
40.4335479,-80.0288464
40.4312994,-80.0266479
40.4298423,-80.0247681
40.4288830,-80.0241121
40.4251453,-80.0312195
40.4255628,-80.0313932
40.4275301,-80.0302009
40.4541995,-80.0287002
40.4539402,-80.0288989
40.4621757,-80.0314150
40.4613221,-80.0314059
40.4580385,-80.0302612
40.4502225,-80.0234434
40.4486758,-80.0166087
40.4497520,-80.0269944
40.4493606,-80.0264210
40.4546085,-80.0292165
40.4539969,-80.0287727
40.4514031,-80.0275054
40.4509698,-80.0272775
40.4505263,-80.0268579
40.4494443,-80.0239726
40.4490311,-80.0231836
40.4486593,-80.0228322
40.4488923,-80.0212520
40.4496351,-80.0251677
40.4497981,-80.0248653
40.4498491,-80.0255371
40.4480092,-80.0260849
40.4511081,-80.0237049
40.4505307,-80.0242821
40.4503838,-80.0246508
40.4502715,-80.0247815
40.4500577,-80.0249418
40.4495291,-80.0252362
40.4497308,-80.0251150
40.4496046,-80.0246340
40.4489279,-80.0234222
40.4492719,-80.0254011
40.4491195,-80.0254517
40.4326643,-80.0035603
40.4273987,-79.9551493
40.4267176,-79.9558823
40.4260743,-80.0207059
40.4266019,-80.0215811
40.4275440,-80.0234813
40.4273083,-80.0229730
40.4264510,-80.0175027
40.4260248,-80.0189682
40.4253044,-80.0193282
40.4258405,-80.0199103
40.4250876,-80.0190952
40.4433457,-79.9963789
40.4439452,-79.9984666
40.4564759,-79.9327530
40.4565420,-79.9329890
40.4417692,-80.0024272
40.4416916,-79.9952069
40.4451369,-79.9934282
40.4450313,-79.9936178
40.4453801,-79.9920190
40.4452248,-79.9918378
40.4427541,-79.9772667
40.4487503,-80.0038587
40.4490339,-80.0024129
40.4489435,-80.0029109
40.4485504,-80.0027787
40.4597227,-79.9897866
40.4260324,-79.9975585
40.4309375,-80.0264344
40.4308446,-80.0266094
40.4303355,-80.0275674
40.4284742,-80.0297406
40.4297137,-80.0287163
40.4251191,-80.0309156
40.4256031,-80.0308675
40.4250301,-80.0307678
40.4373508,-80.0026712
40.4364848,-80.0002376
40.4371527,-80.0020130
40.4377861,-80.0036964
40.4350490,-79.9985462
40.4352266,-79.9988560
40.4378638,-80.0046806
40.4379958,-80.0043837
40.4384871,-80.0058950
40.4382862,-80.0056181
40.4385275,-80.0057970
40.4388485,-80.0071069
40.4382935,-80.0058246
40.4368608,-80.0018467
40.4388574,-80.0073257
40.4372606,-80.0026992
40.4340324,-79.9947361
40.4343033,-79.9964728
40.4367847,-79.9979370
40.4347859,-79.9976191
40.4354507,-79.9988144
40.4349814,-79.9979782
40.4360296,-79.9990276
40.4360910,-79.9991910
40.4360478,-79.9999409
40.4368794,-79.9987388
40.4351055,-79.9984241
40.4365512,-79.9987307
40.4368763,-80.0015825
40.4384456,-80.0057583
40.4360881,-79.9995902
40.4353689,-79.9993040
40.4407305,-80.0090070
40.4408421,-80.0091198
40.4394872,-80.0084610
40.4402215,-80.0092012
40.4398498,-80.0091489
40.4391665,-80.0085217
40.4381918,-80.0138626
40.4400482,-80.0092077
40.4402126,-80.0089085
40.4395532,-80.0101081
40.4398768,-80.0093695
40.4381903,-80.0059240
40.4364464,-80.0013037
40.4394639,-80.0093132
40.4406814,-80.0088512
40.4376119,-80.0138137
40.4380490,-80.0130834
40.4375892,-80.0138648
40.4319498,-80.0245294
40.4318128,-80.0244040
40.4379362,-80.0134016
40.4374880,-80.0137529
40.4358623,-79.9717437
40.4365805,-79.9726667
40.4363550,-79.9727098
40.4291101,-79.9735634
40.4365949,-79.9709918
40.4368242,-79.9715235
40.4371733,-79.9732469
40.4367202,-79.9724987
40.4357966,-79.9684118
40.4357963,-79.9685027
40.4359526,-79.9674433
40.4364742,-79.9723269
40.4361228,-79.9711729
40.4346822,-79.9731719
40.4346955,-79.9732857
40.4369000,-79.9731832
40.4369574,-79.9727141
40.4368448,-79.9726163
40.4366702,-79.9708834
40.4362415,-79.9693148
40.4357945,-79.9646829
40.4360876,-79.9656890
40.4360132,-79.9657477
40.4362171,-79.9681123
40.4359171,-79.9806082
40.4360652,-79.9686194
40.4365795,-79.9747209
40.4369766,-79.9729423
40.4369299,-79.9725981
40.4368088,-79.9741863
40.4359325,-79.9728422
40.4363093,-79.9727641
40.4360213,-79.9728337
40.4369894,-79.9735133
40.4352189,-79.9683620
40.4335685,-79.9656298
40.4338424,-79.9662571
40.4365709,-79.9733093
40.4349791,-79.9674734
40.4356607,-79.9702441
40.4336655,-79.9643698
40.4358421,-79.9736808
40.4358273,-79.9742998
40.4357467,-79.9756730
40.4357135,-79.9760337
40.4349877,-79.9811997
40.4345332,-79.9843717
40.4346169,-79.9859583
40.4350037,-79.9837077
40.4346331,-79.9904863
40.4346296,-79.9875756
40.4348383,-79.9662292
40.4355813,-79.9687435
40.4351056,-79.9817488
40.4276591,-79.9383838
40.4273332,-79.9385580
40.4271707,-79.9390112
40.4279141,-79.9382475
40.4294228,-79.9376778
40.4293562,-79.9376159
40.4291019,-79.9376149
40.4293848,-79.9321685
40.4286996,-79.9317509
40.4284374,-79.9309234
40.4283323,-79.9317612
40.4290702,-79.9316619
40.4288204,-79.9316689
40.4288216,-79.9317474
40.4286331,-79.9298910
40.4292439,-79.9422553
40.4283737,-79.9443715
40.4293508,-79.9419970
40.4289099,-79.9321301
40.4290056,-79.9396627
40.4292855,-79.9434811
40.4285561,-79.9354244
40.4291747,-79.9434573
40.4276402,-79.9506902
40.4272721,-79.9508453
40.4325684,-79.9589329
40.4324569,-79.9589477
40.4316102,-79.9585005
40.4314830,-79.9584280
40.4321009,-79.9585890
40.4320899,-79.9585004
40.4308230,-79.9587709
40.4309632,-79.9602415
40.4311128,-79.9606432
40.4311970,-79.9610275
40.4312657,-79.9611871
40.4321830,-79.9627166
40.4311740,-79.9592354
40.4322156,-79.9610873
40.4324087,-79.9614767
40.4327678,-79.9622707
40.4318531,-79.9588819
40.4323721,-79.9585210
40.4322437,-79.9584913
40.4317453,-79.9586935
40.4325536,-79.9588549
40.4324985,-79.9585093
40.4331901,-79.9584223
40.4282213,-79.9475068
40.4273744,-79.9509702
40.4287714,-79.9561043
40.4313406,-79.9586513
40.4316971,-79.9591640
40.4561016,-80.0068382
40.4576749,-80.0073933
40.4575032,-80.0072928
40.4441690,-79.9935224
40.4445216,-79.9937383
40.4448329,-79.9937489
40.4484841,-80.0078453
40.4540239,-80.0145818
40.4415412,-79.9900284
40.4428259,-80.0295019
40.4434938,-79.9805119
40.4432448,-79.9804298
40.4576878,-80.0073177
40.4264403,-79.9558108
40.4305675,-80.0136536
40.4301987,-80.0136459
40.4307514,-80.0137014
40.4405000,-79.9935063
40.4474621,-80.0201162
40.4392504,-79.9964204
40.4408266,-80.0006280
40.4465726,-79.9601114
40.4471593,-79.9599807
40.4343831,-80.0062284
40.4583473,-80.0333795
40.4552621,-80.0323851
40.4548923,-80.0322609
40.4433385,-80.0251386
40.4345836,-80.0082434
40.4347960,-80.0077890
40.4348380,-80.0078838
40.4341515,-80.0065112
40.4341013,-80.0064186
40.4306408,-79.9376980
40.4488231,-79.9875201
40.4489588,-79.9872994
40.4423197,-80.0036828
40.4396470,-79.9646270
40.4392079,-79.9643697
40.4378890,-79.9620278
40.4466750,-79.9947608
40.4272046,-79.9895038
40.4428416,-79.9912232
40.4459653,-79.9880643
40.4407104,-79.9685135
40.4404138,-79.9687181
40.4433092,-79.9899808
40.4283228,-79.9973428
40.4257118,-79.9749073
40.4271329,-79.9763289
40.4271398,-79.9764592
40.4267000,-79.9765014
40.4266924,-79.9763698
40.4258077,-79.9764669
40.4258158,-79.9765979
40.4253811,-79.9766469
40.4580526,-79.9603841
40.4579947,-79.9603081
40.4308095,-79.9596388
40.4418091,-80.0323642
40.4356342,-79.9963353
40.4567300,-80.0328582
