     
leisure id: 19795109
50.7294977,7.0901476
50.7289777,7.0893335
50.7287402,7.0897120
50.7292603,7.0905261
50.7294977,7.0901476
leisure_type: pitch
     
leisure id: 97950046
50.7288954,7.0893624
50.7288688,7.0893180
50.7287978,7.0892015
50.7286362,7.0894441
50.7286174,7.0894728
50.7287149,7.0896340
50.7288954,7.0893624
leisure_type: sports_centre
     
leisure id: 142937225
50.7256694,7.0917406
50.7249988,7.0909200
50.7248285,7.0906895
50.7247288,7.0905650
50.7245726,7.0904075
50.7245131,7.0903585
50.7244520,7.0903179
50.7244057,7.0902908
50.7243582,7.0902730
50.7243100,7.0902633
50.7242673,7.0902693
50.7242234,7.0902905
50.7241939,7.0903210
50.7241684,7.0903525
50.7241370,7.0903123
50.7237282,7.0911447
50.7234595,7.0916782
50.7233385,7.0919222
50.7232935,7.0920349
50.7232619,7.0921752
50.7232473,7.0923742
50.7232580,7.0925770
50.7232647,7.0930231
50.7232386,7.0932773
50.7231496,7.0938717
50.7231822,7.0938985
50.7231712,7.0939823
50.7241415,7.0950389
50.7241916,7.0950584
50.7244441,7.0950455
50.7247416,7.0952118
50.7249780,7.0952968
50.7251982,7.0953401
50.7252616,7.0953088
50.7260144,7.0939284
50.7259041,7.0937752
50.7257256,7.0935515
50.7257088,7.0935798
50.7256788,7.0935897
50.7256286,7.0935289
50.7256623,7.0934615
50.7255279,7.0932939
50.7255236,7.0933025
50.7255037,7.0932771
50.7254829,7.0932518
50.7254874,7.0932427
50.7253522,7.0930742
50.7251563,7.0928476
50.7251207,7.0928044
50.7251952,7.0926594
50.7251907,7.0926539
50.7252755,7.0924886
50.7252800,7.0924942
50.7252835,7.0924871
50.7252879,7.0924926
50.7252937,7.0924811
50.7252895,7.0924757
50.7253007,7.0924537
50.7253051,7.0924591
50.7253112,7.0924471
50.7253069,7.0924417
50.7253173,7.0924201
50.7253308,7.0923950
50.7253352,7.0924005
50.7253417,7.0923879
50.7253373,7.0923824
50.7253471,7.0923633
50.7253515,7.0923688
50.7253580,7.0923562
50.7253536,7.0923507
50.7253578,7.0923425
50.7253533,7.0923368
50.7254386,7.0921706
50.7254431,7.0921763
50.7255166,7.0920331
50.7256694,7.0917406
leisure_type: park
     
leisure id: 574826762
50.7256248,7.0870359
50.7251312,7.0880203
50.7247574,7.0873909
50.7252063,7.0864527
50.7256248,7.0870359
leisure_type: garden
     
leisure id: 574828870
50.7267306,7.0871580
50.7264437,7.0876488
50.7262994,7.0874423
50.7262314,7.0875576
50.7258545,7.0870453
50.7261449,7.0864204
50.7267306,7.0871580
leisure_type: garden
