     
leisure id: 14345393
43.6731711,-79.3562312
43.6729108,-79.3573497
43.6726529,-79.3579101
43.6729012,-79.3581590
43.6726343,-79.3587427
43.6725846,-79.3590345
43.6725722,-79.3593092
43.6726095,-79.3595066
43.6725908,-79.3595731
43.6725305,-79.3595209
43.6724130,-79.3593947
43.6719096,-79.3588702
43.6718751,-79.3589244
43.6709519,-79.3580217
43.6706601,-79.3577471
43.6702317,-79.3574810
43.6696543,-79.3570947
43.6690299,-79.3568998
43.6679160,-79.3565626
43.6674068,-79.3564167
43.6668170,-79.3562536
43.6668588,-79.3560978
43.6669505,-79.3558645
43.6670761,-79.3553344
43.6671419,-79.3550069
43.6669323,-79.3549194
43.6672142,-79.3534672
43.6673507,-79.3535272
43.6674176,-79.3535520
43.6674831,-79.3535648
43.6675772,-79.3535621
43.6676525,-79.3535395
43.6677698,-79.3534919
43.6678726,-79.3534503
43.6679684,-79.3534135
43.6679688,-79.3534200
43.6679731,-79.3534422
43.6680076,-79.3534295
43.6680033,-79.3534073
43.6680026,-79.3534005
43.6680640,-79.3533744
43.6684246,-79.3532330
43.6684833,-79.3532114
43.6685376,-79.3531973
43.6686627,-79.3531765
43.6689064,-79.3531409
43.6690959,-79.3531155
43.6691987,-79.3531014
43.6692845,-79.3530980
43.6693708,-79.3531109
43.6694441,-79.3531396
43.6695081,-79.3531688
43.6695644,-79.3532030
43.6696197,-79.3532416
43.6697686,-79.3533804
43.6698210,-79.3534300
43.6698175,-79.3534353
43.6698082,-79.3534541
43.6698386,-79.3534826
43.6698479,-79.3534638
43.6698508,-79.3534575
43.6700573,-79.3536500
43.6702051,-79.3537874
43.6702890,-79.3538672
43.6703206,-79.3538786
43.6703715,-79.3539262
43.6705320,-79.3540771
43.6706875,-79.3542225
43.6708405,-79.3543547
43.6709409,-79.3544271
43.6710471,-79.3544975
43.6710759,-79.3545160
43.6711784,-79.3545748
43.6712377,-79.3546115
43.6714261,-79.3547120
43.6715234,-79.3547671
43.6717194,-79.3548844
43.6718557,-79.3549716
43.6719880,-79.3550632
43.6721093,-79.3551533
43.6721721,-79.3552036
43.6721707,-79.3552115
43.6721629,-79.3552290
43.6721913,-79.3552530
43.6721991,-79.3552354
43.6722027,-79.3552287
43.6724411,-79.3554363
43.6726292,-79.3556180
43.6728174,-79.3558093
43.6730381,-79.3560297
43.6731652,-79.3561605
43.6731711,-79.3562312
leisure_type: park
     
leisure id: 22913944
43.6601491,-79.3845455
43.6602465,-79.3840569
43.6601115,-79.3839995
43.6600676,-79.3838876
43.6601033,-79.3837030
43.6600271,-79.3835151
43.6600547,-79.3833366
43.6596047,-79.3831272
43.6595573,-79.3833169
43.6594295,-79.3832584
43.6593380,-79.3836713
43.6589247,-79.3835081
43.6588951,-79.3836844
43.6590685,-79.3837594
43.6591146,-79.3837192
43.6592593,-79.3837751
43.6592940,-79.3838790
43.6592400,-79.3841705
43.6601491,-79.3845455
leisure_type: park
     
leisure id: 22979116
43.6555491,-79.3726120
43.6540933,-79.3719818
43.6545968,-79.3696227
43.6550704,-79.3697584
43.6560642,-79.3701862
43.6560572,-79.3702244
43.6559576,-79.3706980
43.6559325,-79.3708158
43.6559270,-79.3708418
43.6559243,-79.3708540
43.6558265,-79.3713152
43.6558229,-79.3713293
43.6557562,-79.3716419
43.6556430,-79.3721722
43.6556250,-79.3722565
43.6556188,-79.3722857
43.6555793,-79.3724706
43.6555491,-79.3726120
leisure_type: park
     
leisure id: 23143716
43.6504626,-79.3723023
43.6500406,-79.3743071
43.6507128,-79.3745852
43.6508463,-79.3739310
43.6509382,-79.3739728
43.6510105,-79.3736440
43.6513334,-79.3737900
43.6514672,-79.3731943
43.6514955,-79.3730491
43.6515069,-79.3729539
43.6515142,-79.3728172
43.6514890,-79.3725877
43.6514472,-79.3725549
43.6514217,-79.3725008
43.6514265,-79.3724358
43.6508608,-79.3721931
43.6508079,-79.3724491
43.6504626,-79.3723023
leisure_type: park
     
leisure id: 23973346
43.6670508,-79.3629456
43.6672668,-79.3619306
43.6674466,-79.3609238
43.6680230,-79.3582748
43.6675459,-79.3580828
43.6664532,-79.3576365
43.6649134,-79.3577652
43.6651307,-79.3592673
43.6653915,-79.3597222
43.6654163,-79.3599453
43.6654163,-79.3600912
43.6653611,-79.3604315
43.6653356,-79.3605890
43.6659536,-79.3608830
43.6661042,-79.3610308
43.6658039,-79.3623853
43.6657928,-79.3624390
43.6670508,-79.3629456
leisure_type: park
     
leisure id: 24039428
43.6601008,-79.3816843
43.6600781,-79.3817668
43.6600878,-79.3818272
43.6601226,-79.3818679
43.6604952,-79.3820395
43.6605448,-79.3820224
43.6605759,-79.3819880
43.6606131,-79.3818335
43.6603449,-79.3817269
43.6603309,-79.3817707
43.6601008,-79.3816843
leisure_type: park
     
leisure id: 24529300
43.6547320,-79.3614496
43.6546409,-79.3613515
43.6542158,-79.3608666
43.6549207,-79.3596724
43.6549528,-79.3599632
43.6549508,-79.3603281
43.6549233,-79.3606218
43.6548794,-79.3609174
43.6547982,-79.3612552
43.6547320,-79.3614496
leisure_type: park
     
leisure id: 24529303
43.6591193,-79.3510468
43.6593225,-79.3501327
43.6595055,-79.3502149
43.6593009,-79.3511304
43.6591193,-79.3510468
leisure_type: park
     
leisure id: 25795257
43.6658234,-79.3722906
43.6659180,-79.3718612
43.6664648,-79.3720819
43.6665269,-79.3717591
43.6652106,-79.3712653
43.6650691,-79.3720070
43.6658234,-79.3722906
leisure_type: park
     
leisure id: 25795271
43.6645448,-79.3721076
43.6641121,-79.3719300
43.6642470,-79.3712813
43.6640925,-79.3712208
43.6641705,-79.3708328
43.6642641,-79.3708727
43.6642936,-79.3708806
43.6643956,-79.3709315
43.6643289,-79.3712983
43.6645106,-79.3713723
43.6644277,-79.3717482
43.6646062,-79.3718258
43.6645448,-79.3721076
leisure_type: park
     
leisure id: 25823101
43.6500314,-79.3735781
43.6499705,-79.3738498
43.6496864,-79.3737215
43.6496766,-79.3735444
43.6497042,-79.3734417
43.6500314,-79.3735781
leisure_type: park
     
leisure id: 25823287
43.6503171,-79.3755941
43.6503977,-79.3752290
43.6506216,-79.3753234
43.6505411,-79.3756885
43.6503171,-79.3755941
leisure_type: park
     
leisure id: 25823474
43.6544480,-79.3839887
43.6545687,-79.3834146
43.6543562,-79.3833274
43.6542357,-79.3839072
43.6544480,-79.3839887
leisure_type: park
     
leisure id: 25823747
43.6538391,-79.3821406
43.6539840,-79.3814327
43.6544480,-79.3816175
43.6545406,-79.3811613
43.6546273,-79.3811932
43.6550069,-79.3813475
43.6548203,-79.3821283
43.6546358,-79.3821737
43.6545785,-79.3824298
43.6544595,-79.3830174
43.6543159,-79.3829638
43.6544430,-79.3823804
43.6538391,-79.3821406
leisure_type: park
     
leisure id: 26696902
43.6554417,-79.3716440
43.6551500,-79.3718750
43.6550961,-79.3719165
43.6550529,-79.3719439
43.6550099,-79.3718985
43.6549624,-79.3718016
43.6549414,-79.3716352
43.6549570,-79.3714564
43.6549848,-79.3713025
43.6550319,-79.3711771
43.6550869,-79.3710697
43.6552054,-79.3709798
43.6554517,-79.3715975
43.6554417,-79.3716440
leisure_type: pitch
     
leisure id: 26696956
43.6588207,-79.3583603
43.6582381,-79.3594056
43.6579790,-79.3592966
43.6582315,-79.3581772
43.6588207,-79.3583603
leisure_type: park
     
leisure id: 26829706
43.6667414,-79.3842099
43.6666819,-79.3844741
43.6660349,-79.3841958
43.6660944,-79.3839316
43.6667414,-79.3842099
leisure_type: park
     
leisure id: 26829723
43.6676377,-79.3848230
43.6676873,-79.3845913
43.6668367,-79.3842479
43.6667871,-79.3844539
43.6676377,-79.3848230
leisure_type: park
     
leisure id: 30635384
43.6668073,-79.3812671
43.6670761,-79.3799875
43.6665362,-79.3797787
43.6664239,-79.3802961
43.6667483,-79.3804269
43.6665902,-79.3811799
43.6668073,-79.3812671
leisure_type: park
     
leisure id: 35154875
43.6529259,-79.3730797
43.6528922,-79.3732979
43.6528807,-79.3732776
43.6528629,-79.3730603
43.6529259,-79.3730797
leisure_type: park
     
leisure id: 35565587
43.6553243,-79.3720772
43.6553124,-79.3721347
43.6553067,-79.3721625
43.6553030,-79.3721799
43.6552949,-79.3722191
43.6552702,-79.3723387
43.6552541,-79.3724162
43.6549617,-79.3723005
43.6550319,-79.3719615
43.6553243,-79.3720772
leisure_type: pitch
     
leisure id: 59289117
43.6656537,-79.3580831
43.6650424,-79.3581489
43.6650285,-79.3581901
43.6651308,-79.3589487
43.6653243,-79.3589322
43.6654007,-79.3589075
43.6654702,-79.3588746
43.6655347,-79.3588403
43.6656051,-79.3587731
43.6656508,-79.3586894
43.6656865,-79.3585605
43.6656954,-79.3584548
43.6656895,-79.3582765
43.6656537,-79.3580831
leisure_type: pitch
     
leisure id: 59289121
43.6673577,-79.3581927
43.6673381,-79.3581268
43.6667458,-79.3579890
43.6667037,-79.3581869
43.6667203,-79.3583961
43.6667765,-79.3586155
43.6668556,-79.3587706
43.6670247,-79.3588841
43.6671146,-79.3589057
43.6672295,-79.3589190
43.6673577,-79.3581927
leisure_type: pitch
     
leisure id: 59339125
43.6659159,-79.3824979
43.6660180,-79.3820447
43.6656130,-79.3818549
43.6655055,-79.3823219
43.6659159,-79.3824979
leisure_type: park
     
leisure id: 79130570
43.6550342,-79.3709091
43.6550860,-79.3706686
43.6548236,-79.3705608
43.6548025,-79.3706591
43.6547719,-79.3708013
43.6550342,-79.3709091
leisure_type: pitch
     
leisure id: 79130572
43.6548200,-79.3720049
43.6546458,-79.3719334
43.6544886,-79.3718689
43.6545585,-79.3715348
43.6547084,-79.3708463
43.6550398,-79.3709824
43.6550141,-79.3711020
43.6548200,-79.3720049
leisure_type: pitch
     
leisure id: 79139161
43.6549089,-79.3722874
43.6549828,-79.3719457
43.6549101,-79.3719156
43.6548582,-79.3718942
43.6548515,-79.3719251
43.6548285,-79.3720316
43.6545896,-79.3719330
43.6544209,-79.3718632
43.6544039,-79.3719417
43.6543767,-79.3720675
43.6549089,-79.3722874
leisure_type: dog_park
     
leisure id: 82576404
43.6621193,-79.3602783
43.6623046,-79.3593878
43.6628702,-79.3596118
43.6626994,-79.3605076
43.6621193,-79.3602783
leisure_type: park
     
leisure id: 115937914
43.6676507,-79.3843905
43.6673303,-79.3842586
43.6673751,-79.3840508
43.6676955,-79.3841827
43.6676507,-79.3843905
leisure_type: pitch
     
leisure id: 127288107
43.6559606,-79.3757801
43.6559710,-79.3757314
43.6559527,-79.3756846
43.6559475,-79.3756503
43.6559514,-79.3755872
43.6558119,-79.3755782
43.6557858,-79.3757044
43.6559606,-79.3757801
leisure_type: playground
     
leisure id: 133359333
43.6661251,-79.3578594
43.6661559,-79.3578581
43.6665324,-79.3583561
43.6664276,-79.3585165
43.6663534,-79.3585948
43.6662670,-79.3586428
43.6661857,-79.3586592
43.6661131,-79.3586666
43.6660338,-79.3586537
43.6659558,-79.3586200
43.6659058,-79.3585865
43.6658435,-79.3585320
43.6661251,-79.3578594
leisure_type: pitch
     
leisure id: 133359335
43.6660531,-79.3599244
43.6660917,-79.3598960
43.6662472,-79.3591243
43.6661730,-79.3590911
43.6661102,-79.3590584
43.6660120,-79.3590393
43.6659396,-79.3590351
43.6658622,-79.3590445
43.6657778,-79.3590708
43.6656974,-79.3591273
43.6656379,-79.3592244
43.6655926,-79.3593240
43.6655595,-79.3594892
43.6655477,-79.3597174
43.6660531,-79.3599244
leisure_type: pitch
     
leisure id: 146039268
43.6629199,-79.3805965
43.6634278,-79.3808137
43.6633684,-79.3810791
43.6628605,-79.3808619
43.6629199,-79.3805965
leisure_type: park
     
leisure id: 146039270
43.6632327,-79.3816816
43.6631770,-79.3819403
43.6626808,-79.3817364
43.6627364,-79.3814777
43.6632327,-79.3816816
leisure_type: park
     
leisure id: 146327583
43.6499194,-79.3634926
43.6496153,-79.3633446
43.6496031,-79.3633432
43.6495797,-79.3633542
43.6495687,-79.3633757
43.6491218,-79.3653369
43.6490031,-79.3658578
43.6490024,-79.3658740
43.6490083,-79.3658873
43.6490179,-79.3658972
43.6490311,-79.3659041
43.6492499,-79.3659603
43.6492742,-79.3659454
43.6492999,-79.3659132
43.6493178,-79.3658711
43.6493226,-79.3658277
43.6493157,-79.3657836
43.6493168,-79.3657409
43.6493423,-79.3656026
43.6493589,-79.3655302
43.6495179,-79.3648355
43.6497623,-79.3637635
43.6499048,-79.3635793
43.6499165,-79.3635572
43.6499213,-79.3635197
43.6499194,-79.3634926
leisure_type: park
     
leisure id: 146327585
43.6501128,-79.3624241
43.6497277,-79.3622503
43.6495857,-79.3628852
43.6498561,-79.3630134
43.6499144,-79.3630085
43.6499567,-79.3629913
43.6499989,-79.3629561
43.6500373,-79.3628834
43.6501128,-79.3624241
leisure_type: pitch
     
leisure id: 147384954
43.6666228,-79.3798419
43.6667939,-79.3799133
43.6667422,-79.3800685
43.6665658,-79.3801474
43.6666228,-79.3798419
leisure_type: playground
     
leisure id: 184345853
43.6547623,-79.3609230
43.6546205,-79.3607671
43.6544656,-79.3610365
43.6546074,-79.3611923
43.6547623,-79.3609230
leisure_type: playground
     
leisure id: 184503975
43.6624439,-79.3716335
43.6623625,-79.3716079
43.6623336,-79.3716324
43.6623247,-79.3716736
43.6623432,-79.3717303
43.6624181,-79.3717626
43.6624503,-79.3717348
43.6624624,-79.3716892
43.6624439,-79.3716335
leisure_type: playground
     
leisure id: 184504592
43.6642694,-79.3711369
43.6642437,-79.3710781
43.6642204,-79.3710981
43.6642107,-79.3711503
43.6642541,-79.3711658
43.6642597,-79.3711436
43.6642694,-79.3711369
leisure_type: playground
     
leisure id: 186836529
43.6611463,-79.3745906
43.6612040,-79.3745238
43.6612168,-79.3744635
43.6612080,-79.3744598
43.6612114,-79.3744430
43.6611160,-79.3744013
43.6610918,-79.3744416
43.6610751,-79.3744885
43.6610715,-79.3745248
43.6610754,-79.3745611
43.6610865,-79.3745943
43.6611738,-79.3748385
43.6611913,-79.3748431
43.6611463,-79.3745906
leisure_type: playground
     
leisure id: 186836541
43.6621238,-79.3746873
43.6621328,-79.3746419
43.6622635,-79.3746915
43.6622545,-79.3747368
43.6621238,-79.3746873
leisure_type: garden
     
leisure id: 186836542
43.6622780,-79.3746237
43.6622899,-79.3745069
43.6621722,-79.3744557
43.6621508,-79.3745719
43.6622780,-79.3746237
leisure_type: garden
     
leisure id: 186836543
43.6610858,-79.3736871
43.6610973,-79.3736341
43.6610270,-79.3736050
43.6610155,-79.3736580
43.6610858,-79.3736871
leisure_type: garden
     
leisure id: 186836544
43.6611119,-79.3735736
43.6611243,-79.3735202
43.6610525,-79.3734883
43.6610400,-79.3735417
43.6611119,-79.3735736
leisure_type: garden
     
leisure id: 186836545
43.6618388,-79.3742641
43.6618954,-79.3739966
43.6618878,-79.3739842
43.6618859,-79.3739651
43.6618859,-79.3739540
43.6618143,-79.3739254
43.6617776,-79.3739107
43.6617107,-79.3742106
43.6618388,-79.3742641
leisure_type: garden
     
leisure id: 186836546
43.6619557,-79.3740177
43.6619685,-79.3740183
43.6619752,-79.3740137
43.6619818,-79.3740032
43.6619842,-79.3739953
43.6620518,-79.3740218
43.6620867,-79.3740354
43.6620231,-79.3743445
43.6618959,-79.3742874
43.6619557,-79.3740177
leisure_type: garden
     
leisure id: 187131667
43.6556454,-79.3706140
43.6556057,-79.3705144
43.6556266,-79.3704206
43.6556360,-79.3704095
43.6556689,-79.3703708
43.6557164,-79.3703881
43.6557368,-79.3704545
43.6557222,-79.3705328
43.6557091,-79.3706032
43.6556767,-79.3706270
43.6556454,-79.3706140
leisure_type: playground
     
leisure id: 187131668
43.6555700,-79.3712666
43.6555977,-79.3711339
43.6555993,-79.3711286
43.6555996,-79.3711230
43.6555986,-79.3711174
43.6555964,-79.3711126
43.6555932,-79.3711091
43.6555893,-79.3711071
43.6555852,-79.3711069
43.6555340,-79.3711236
43.6555306,-79.3711258
43.6555277,-79.3711292
43.6555257,-79.3711336
43.6555246,-79.3711387
43.6555247,-79.3711439
43.6555258,-79.3711489
43.6555484,-79.3712672
43.6555493,-79.3712721
43.6555513,-79.3712764
43.6555541,-79.3712795
43.6555576,-79.3712811
43.6555613,-79.3712810
43.6555647,-79.3712792
43.6555675,-79.3712759
43.6555694,-79.3712716
43.6555700,-79.3712666
leisure_type: garden
     
leisure id: 187133565
43.6504247,-79.3729707
43.6504274,-79.3729759
43.6504301,-79.3729808
43.6504343,-79.3729854
43.6504388,-79.3729880
43.6504223,-79.3730669
43.6504113,-79.3730601
43.6504021,-79.3730525
43.6503941,-79.3730438
43.6503849,-79.3730318
43.6503769,-79.3730175
43.6503719,-79.3730060
43.6504247,-79.3729707
leisure_type: garden
     
leisure id: 187133566
43.6504150,-79.3729273
43.6504140,-79.3729335
43.6504132,-79.3729395
43.6504135,-79.3729470
43.6504151,-79.3729533
43.6503617,-79.3729891
43.6503580,-79.3729733
43.6503559,-79.3729587
43.6503553,-79.3729447
43.6503556,-79.3729273
43.6503579,-79.3729095
43.6503595,-79.3729032
43.6504150,-79.3729273
leisure_type: garden
     
leisure id: 187133567
43.6504981,-79.3728931
43.6504953,-79.3728880
43.6504925,-79.3728833
43.6504881,-79.3728789
43.6504836,-79.3728765
43.6504981,-79.3727969
43.6505093,-79.3728031
43.6505186,-79.3728103
43.6505268,-79.3728186
43.6505363,-79.3728301
43.6505447,-79.3728440
43.6505499,-79.3728553
43.6504981,-79.3728931
leisure_type: garden
     
leisure id: 187133568
43.6504650,-79.3728702
43.6504605,-79.3728694
43.6504560,-79.3728688
43.6504507,-79.3728699
43.6504463,-79.3728727
43.6504170,-79.3728035
43.6504267,-79.3727959
43.6504370,-79.3727917
43.6504470,-79.3727895
43.6504596,-79.3727884
43.6504726,-79.3727899
43.6504821,-79.3727927
43.6504650,-79.3728702
leisure_type: garden
     
leisure id: 187133572
43.6504546,-79.3729980
43.6504591,-79.3729989
43.6504636,-79.3729995
43.6504689,-79.3729983
43.6504733,-79.3729956
43.6505039,-79.3730659
43.6504929,-79.3730725
43.6504825,-79.3730766
43.6504725,-79.3730787
43.6504599,-79.3730799
43.6504469,-79.3730782
43.6504374,-79.3730755
43.6504546,-79.3729980
leisure_type: garden
     
leisure id: 187133573
43.6505075,-79.3729398
43.6505082,-79.3729335
43.6505087,-79.3729274
43.6505080,-79.3729200
43.6505061,-79.3729138
43.6505576,-79.3728731
43.6505621,-79.3728885
43.6505649,-79.3729029
43.6505662,-79.3729168
43.6505668,-79.3729342
43.6505653,-79.3729522
43.6505631,-79.3729653
43.6505075,-79.3729398
leisure_type: garden
     
leisure id: 187133575
43.6504319,-79.3728806
43.6504282,-79.3728843
43.6504247,-79.3728882
43.6504214,-79.3728941
43.6504196,-79.3729003
43.6503635,-79.3728765
43.6503669,-79.3728637
43.6503723,-79.3728508
43.6503785,-79.3728396
43.6503870,-79.3728267
43.6503972,-79.3728154
43.6504028,-79.3728101
43.6504319,-79.3728806
leisure_type: garden
     
leisure id: 187133576
43.6504888,-79.3729834
43.6504926,-79.3729799
43.6504962,-79.3729764
43.6504997,-79.3729707
43.6505018,-79.3729646
43.6505582,-79.3729901
43.6505529,-79.3730051
43.6505471,-79.3730175
43.6505405,-79.3730282
43.6505315,-79.3730405
43.6505209,-79.3730510
43.6505124,-79.3730576
43.6504888,-79.3729834
leisure_type: garden
     
leisure id: 187304900
43.6504673,-79.3731235
43.6504680,-79.3731180
43.6504673,-79.3731125
43.6504655,-79.3731076
43.6504626,-79.3731037
43.6504589,-79.3731013
43.6504550,-79.3731006
43.6504510,-79.3731017
43.6504475,-79.3731044
43.6504448,-79.3731085
43.6504432,-79.3731136
43.6504428,-79.3731191
43.6504437,-79.3731245
43.6504474,-79.3731353
43.6504536,-79.3731437
43.6504614,-79.3731487
43.6504700,-79.3731497
43.6504784,-79.3731466
43.6504847,-79.3731421
43.6504899,-79.3731377
43.6504941,-79.3731324
43.6505002,-79.3731206
43.6505019,-79.3731214
43.6505028,-79.3731242
43.6505043,-79.3731265
43.6505063,-79.3731279
43.6505084,-79.3731284
43.6505106,-79.3731279
43.6505126,-79.3731265
43.6505141,-79.3731242
43.6505150,-79.3731214
43.6505159,-79.3731174
43.6505158,-79.3731132
43.6505148,-79.3731092
43.6505130,-79.3731059
43.6505105,-79.3731035
43.6505075,-79.3731024
43.6505045,-79.3731025
43.6505016,-79.3731040
43.6504993,-79.3731066
43.6504952,-79.3731139
43.6504898,-79.3731192
43.6504835,-79.3731220
43.6504784,-79.3731243
43.6504725,-79.3731244
43.6504673,-79.3731235
leisure_type: garden
     
leisure id: 187304901
43.6503786,-79.3730870
43.6503804,-79.3730820
43.6503832,-79.3730780
43.6503868,-79.3730755
43.6503908,-79.3730747
43.6503947,-79.3730757
43.6503983,-79.3730783
43.6504010,-79.3730824
43.6504027,-79.3730874
43.6504032,-79.3730929
43.6504024,-79.3730984
43.6504004,-79.3731032
43.6503973,-79.3731069
43.6503898,-79.3731127
43.6503812,-79.3731145
43.6503727,-79.3731123
43.6503653,-79.3731061
43.6503599,-79.3730968
43.6503566,-79.3730881
43.6503542,-79.3730804
43.6503531,-79.3730727
43.6503530,-79.3730582
43.6503513,-79.3730575
43.6503494,-79.3730590
43.6503473,-79.3730596
43.6503451,-79.3730593
43.6503431,-79.3730579
43.6503415,-79.3730557
43.6503405,-79.3730530
43.6503402,-79.3730499
43.6503407,-79.3730469
43.6503417,-79.3730429
43.6503435,-79.3730396
43.6503460,-79.3730372
43.6503489,-79.3730359
43.6503519,-79.3730360
43.6503548,-79.3730374
43.6503572,-79.3730400
43.6503589,-79.3730435
43.6503597,-79.3730475
43.6503599,-79.3730567
43.6503621,-79.3730653
43.6503660,-79.3730727
43.6503692,-79.3730787
43.6503740,-79.3730836
43.6503786,-79.3730870
leisure_type: garden
     
leisure id: 187316866
43.6495533,-79.3643114
43.6496273,-79.3639883
43.6495037,-79.3639342
43.6494297,-79.3642573
43.6495533,-79.3643114
leisure_type: pitch
     
leisure id: 189617885
43.6549739,-79.3776785
43.6549850,-79.3776218
43.6549846,-79.3775998
43.6549800,-79.3775787
43.6549717,-79.3775600
43.6549534,-79.3775433
43.6548950,-79.3775167
43.6548745,-79.3775115
43.6548585,-79.3775073
43.6548423,-79.3775094
43.6548272,-79.3775176
43.6548143,-79.3775313
43.6548028,-79.3775493
43.6547909,-79.3776029
43.6549739,-79.3776785
leisure_type: garden
     
leisure id: 189617887
43.6549680,-79.3766801
43.6549785,-79.3766370
43.6549480,-79.3766215
43.6549385,-79.3766663
43.6549680,-79.3766801
leisure_type: garden
     
leisure id: 189617888
43.6547900,-79.3773548
43.6548338,-79.3771440
43.6548629,-79.3771559
43.6548193,-79.3773659
43.6547900,-79.3773548
leisure_type: garden
     
leisure id: 189617889
43.6547267,-79.3775763
43.6547668,-79.3773828
43.6547269,-79.3773682
43.6546984,-79.3775101
43.6546959,-79.3775238
43.6546963,-79.3775379
43.6546997,-79.3775512
43.6547058,-79.3775626
43.6547140,-79.3775711
43.6547267,-79.3775763
leisure_type: garden
     
leisure id: 189617890
43.6548077,-79.3771102
43.6548373,-79.3771220
43.6548500,-79.3770659
43.6548665,-79.3769862
43.6548975,-79.3769984
43.6549449,-79.3767697
43.6549188,-79.3767586
43.6548773,-79.3769534
43.6548440,-79.3769398
43.6548077,-79.3771102
leisure_type: garden
     
leisure id: 191488170
43.6505480,-79.3730446
43.6505597,-79.3730266
43.6506178,-79.3730777
43.6505944,-79.3731038
43.6505480,-79.3730446
leisure_type: garden
     
leisure id: 191488171
43.6505244,-79.3730746
43.6505372,-79.3730608
43.6505797,-79.3731138
43.6505541,-79.3731326
43.6505244,-79.3730746
leisure_type: garden
     
leisure id: 191488172
43.6505786,-79.3728917
43.6505719,-79.3728667
43.6506172,-79.3728452
43.6506295,-79.3728806
43.6505786,-79.3728917
leisure_type: garden
     
leisure id: 191488173
43.6505803,-79.3729336
43.6505792,-79.3729082
43.6506370,-79.3728967
43.6506498,-79.3729351
43.6505803,-79.3729336
leisure_type: garden
     
leisure id: 191488174
43.6505772,-79.3729743
43.6505803,-79.3729513
43.6506537,-79.3729536
43.6506525,-79.3729828
43.6506473,-79.3730039
43.6505772,-79.3729743
leisure_type: garden
     
leisure id: 191488175
43.6505658,-79.3730143
43.6505716,-79.3729939
43.6506420,-79.3730243
43.6506348,-79.3730469
43.6506239,-79.3730634
43.6505658,-79.3730143
leisure_type: garden
     
leisure id: 195211709
43.6593986,-79.3640076
43.6593437,-79.3642525
43.6592063,-79.3641950
43.6591948,-79.3641729
43.6592488,-79.3639402
43.6593986,-79.3640076
leisure_type: pitch
     
leisure id: 195213850
43.6605459,-79.3667835
43.6603849,-79.3668909
43.6603368,-79.3667534
43.6604978,-79.3666459
43.6605459,-79.3667835
leisure_type: playground
     
leisure id: 195220616
43.6602597,-79.3673592
43.6600878,-79.3673072
43.6600396,-79.3675085
43.6601410,-79.3675548
43.6602261,-79.3675503
43.6602597,-79.3673592
leisure_type: playground
     
leisure id: 195221557
43.6584369,-79.3587105
43.6585060,-79.3583718
43.6583698,-79.3583188
43.6583007,-79.3586574
43.6584369,-79.3587105
leisure_type: playground
     
leisure id: 195411497
43.6625845,-79.3601186
43.6625948,-79.3600871
43.6625948,-79.3600496
43.6625918,-79.3600314
43.6625845,-79.3599867
43.6625390,-79.3599654
43.6625060,-79.3599634
43.6624840,-79.3600293
43.6624745,-79.3600922
43.6625141,-79.3601510
43.6625471,-79.3601459
43.6625845,-79.3601186
leisure_type: playground
     
leisure id: 195412772
43.6555471,-79.3659442
43.6554738,-79.3662715
43.6553515,-79.3662192
43.6554247,-79.3658919
43.6555471,-79.3659442
leisure_type: pitch
     
leisure id: 204496450
43.6680086,-79.3807206
43.6679190,-79.3806836
43.6679036,-79.3807549
43.6679932,-79.3807918
43.6680086,-79.3807206
leisure_type: swimming_pool
     
leisure id: 205666233
43.6590343,-79.3758672
43.6591428,-79.3759064
43.6591224,-79.3760021
43.6590532,-79.3759738
43.6590233,-79.3759259
43.6590343,-79.3758672
leisure_type: playground
     
leisure id: 206938966
43.6561836,-79.3597801
43.6562071,-79.3596383
43.6562793,-79.3596512
43.6562636,-79.3597873
43.6561836,-79.3597801
leisure_type: playground
     
leisure id: 207042935
43.6573288,-79.3563252
43.6575079,-79.3555086
43.6575074,-79.3555001
43.6575023,-79.3554937
43.6574964,-79.3554940
43.6574918,-79.3554975
43.6570431,-79.3560999
43.6570344,-79.3561348
43.6570441,-79.3561713
43.6570615,-79.3562042
43.6572512,-79.3563396
43.6572798,-79.3563597
43.6573068,-79.3563446
43.6573288,-79.3563252
leisure_type: park
     
leisure id: 208327830
43.6662967,-79.3732484
43.6664477,-79.3725245
43.6662038,-79.3724273
43.6660528,-79.3731511
43.6662967,-79.3732484
leisure_type: park
     
leisure id: 209295598
43.6591579,-79.3798851
43.6593634,-79.3788907
43.6584275,-79.3785213
43.6583626,-79.3788354
43.6582976,-79.3788097
43.6582774,-79.3789072
43.6582951,-79.3789142
43.6582110,-79.3793210
43.6581851,-79.3793107
43.6581702,-79.3793830
43.6582394,-79.3794104
43.6581647,-79.3797722
43.6584587,-79.3798882
43.6584751,-79.3798088
43.6587564,-79.3799198
43.6587670,-79.3798685
43.6589950,-79.3799585
43.6589869,-79.3799980
43.6590580,-79.3800260
43.6590924,-79.3798593
43.6591579,-79.3798851
leisure_type: park
     
leisure id: 210413762
43.6550766,-79.3579740
43.6551985,-79.3574579
43.6551461,-79.3574305
43.6550577,-79.3573902
43.6550423,-79.3575045
43.6550273,-79.3577464
43.6550241,-79.3578826
43.6550273,-79.3579588
43.6550766,-79.3579740
leisure_type: park
     
leisure id: 214497954
43.6509597,-79.3737854
43.6508605,-79.3737442
43.6508371,-79.3738516
43.6509363,-79.3738928
43.6509597,-79.3737854
leisure_type: playground
     
leisure id: 216566996
43.6637361,-79.3831616
43.6637491,-79.3831006
43.6636706,-79.3830684
43.6636575,-79.3831295
43.6637361,-79.3831616
leisure_type: swimming_pool
     
leisure id: 216568104
43.6664080,-79.3843499
43.6664257,-79.3842638
43.6663836,-79.3842603
43.6662834,-79.3842917
43.6664080,-79.3843499
leisure_type: playground
     
leisure id: 220418452
43.6543227,-79.3846120
43.6544015,-79.3842684
43.6545957,-79.3843521
43.6545187,-79.3846925
43.6543227,-79.3846120
leisure_type: park
     
leisure id: 224894056
43.6636273,-79.3827218
43.6632721,-79.3825761
43.6632040,-79.3828923
43.6635589,-79.3830378
43.6636273,-79.3827218
leisure_type: park
     
leisure id: 224894996
43.6626366,-79.3752746
43.6628177,-79.3744271
43.6628328,-79.3743561
43.6628520,-79.3742654
43.6628685,-79.3741877
43.6630494,-79.3732995
43.6630852,-79.3731333
43.6612946,-79.3723861
43.6610608,-79.3734587
43.6610498,-79.3735092
43.6610253,-79.3736214
43.6610087,-79.3736976
43.6607921,-79.3746913
43.6607858,-79.3747201
43.6615027,-79.3750221
43.6614821,-79.3751161
43.6612155,-79.3750038
43.6612102,-79.3750275
43.6611990,-79.3750777
43.6611263,-79.3754029
43.6610533,-79.3757402
43.6610071,-79.3759539
43.6620974,-79.3764133
43.6621956,-79.3759497
43.6621941,-79.3759493
43.6621967,-79.3759368
43.6622282,-79.3759491
43.6622329,-79.3759274
43.6624775,-79.3760307
43.6625252,-79.3758059
43.6626366,-79.3752746
leisure_type: park
     
leisure id: 224896918
43.6620688,-79.3672628
43.6620574,-79.3672587
43.6620485,-79.3672551
43.6620390,-79.3672533
43.6620342,-79.3672531
43.6620298,-79.3672554
43.6620276,-79.3672598
43.6620267,-79.3672658
43.6620262,-79.3672717
43.6620285,-79.3672989
43.6620307,-79.3673187
43.6620340,-79.3673468
43.6620365,-79.3673661
43.6620453,-79.3674186
43.6620888,-79.3676209
43.6621173,-79.3677588
43.6621220,-79.3677674
43.6621250,-79.3677725
43.6621299,-79.3677766
43.6621365,-79.3677802
43.6621434,-79.3677768
43.6621480,-79.3677709
43.6621498,-79.3677647
43.6621511,-79.3677594
43.6621871,-79.3675813
43.6622137,-79.3674470
43.6622325,-79.3673532
43.6622319,-79.3673398
43.6622271,-79.3673307
43.6622178,-79.3673237
43.6620960,-79.3672728
43.6620688,-79.3672628
leisure_type: park
     
leisure id: 224897357
43.6561949,-79.3758877
43.6562656,-79.3755623
43.6555335,-79.3752605
43.6554784,-79.3755147
43.6557862,-79.3756416
43.6557708,-79.3757128
43.6558345,-79.3757391
43.6559216,-79.3757750
43.6561949,-79.3758877
leisure_type: park
     
leisure id: 225582333
43.6563016,-79.3596530
43.6563145,-79.3595952
43.6561746,-79.3595796
43.6561165,-79.3598931
43.6561569,-79.3599028
43.6561632,-79.3598734
43.6561711,-79.3598382
43.6562191,-79.3598408
43.6562604,-79.3598431
43.6562743,-79.3597750
43.6562890,-79.3597093
43.6563016,-79.3596530
leisure_type: park
     
leisure id: 227235037
43.6500087,-79.3633746
43.6502420,-79.3623319
43.6502570,-79.3622651
43.6496738,-79.3620280
43.6494357,-79.3631231
43.6500087,-79.3633746
leisure_type: park
     
leisure id: 227235487
43.6559725,-79.3621609
43.6557432,-79.3620637
43.6557091,-79.3622175
43.6559383,-79.3623147
43.6559725,-79.3621609
leisure_type: pitch
     
leisure id: 229484859
43.6616273,-79.3610191
43.6609244,-79.3607349
43.6608608,-79.3612310
43.6615263,-79.3614274
43.6616273,-79.3610191
leisure_type: swimming_pool
     
leisure id: 229484880
43.6600226,-79.3524282
43.6599715,-79.3523738
43.6592279,-79.3520421
43.6591925,-79.3520693
43.6589569,-79.3530780
43.6596931,-79.3533867
43.6597182,-79.3534564
43.6599426,-79.3535421
43.6600148,-79.3531460
43.6600226,-79.3524282
leisure_type: park
     
leisure id: 232849259
43.6639962,-79.3815804
43.6638528,-79.3816836
43.6638393,-79.3816766
43.6638223,-79.3816543
43.6637884,-79.3818150
43.6638181,-79.3818771
43.6637510,-79.3819264
43.6637663,-79.3819745
43.6637018,-79.3820155
43.6637901,-79.3816145
43.6637561,-79.3815699
43.6637968,-79.3813881
43.6638418,-79.3814045
43.6639063,-79.3813611
43.6639334,-79.3812404
43.6639759,-79.3812579
43.6639334,-79.3814350
43.6639775,-79.3814901
43.6640217,-79.3814667
43.6639962,-79.3815804
leisure_type: swimming_pool
     
leisure id: 232849260
43.6639646,-79.3811241
43.6640020,-79.3811410
43.6639846,-79.3812147
43.6639471,-79.3811978
43.6639646,-79.3811241
leisure_type: swimming_pool
     
leisure id: 232934790
43.6550439,-79.3533682
43.6546287,-79.3535920
43.6545693,-79.3536082
43.6544462,-79.3536418
43.6542924,-79.3536838
43.6540245,-79.3537013
43.6539395,-79.3536895
43.6538245,-79.3536560
43.6537306,-79.3536138
43.6535949,-79.3535518
43.6533333,-79.3533796
43.6532200,-79.3532790
43.6531495,-79.3532100
43.6530510,-79.3531094
43.6530145,-79.3530721
43.6529859,-79.3530424
43.6529645,-79.3530168
43.6529142,-79.3529568
43.6527187,-79.3527187
43.6527056,-79.3527027
43.6526985,-79.3526472
43.6527033,-79.3525548
43.6527470,-79.3524259
43.6527691,-79.3523557
43.6527731,-79.3523429
43.6527783,-79.3523273
43.6527844,-79.3523113
43.6527867,-79.3523050
43.6527957,-79.3522812
43.6528171,-79.3522242
43.6528511,-79.3521405
43.6528880,-79.3520453
43.6529395,-79.3519204
43.6529542,-79.3518891
43.6530160,-79.3518344
43.6530857,-79.3518086
43.6532313,-79.3517607
43.6533406,-79.3517152
43.6533617,-79.3517065
43.6533787,-79.3517016
43.6533811,-79.3517012
43.6533877,-79.3517002
43.6534446,-79.3516921
43.6536331,-79.3516744
43.6537412,-79.3516848
43.6537432,-79.3516849
43.6537652,-79.3516859
43.6538623,-79.3516904
43.6538669,-79.3516908
43.6538714,-79.3516917
43.6539970,-79.3517228
43.6540385,-79.3517426
43.6540460,-79.3517462
43.6540544,-79.3517502
43.6540612,-79.3517535
43.6541714,-79.3518060
43.6542387,-79.3518538
43.6543417,-79.3519268
43.6544092,-79.3519894
43.6544387,-79.3520168
43.6544709,-79.3520467
43.6544852,-79.3520725
43.6545081,-79.3521138
43.6546609,-79.3523896
43.6547133,-79.3524842
43.6547550,-79.3525593
43.6547638,-79.3525753
43.6548846,-79.3528448
43.6549761,-79.3529602
43.6549844,-79.3529706
43.6550687,-79.3530611
43.6550911,-79.3530851
43.6551057,-79.3531029
43.6551138,-79.3531141
43.6551210,-79.3531252
43.6551291,-79.3531423
43.6551358,-79.3531589
43.6551443,-79.3531829
43.6551430,-79.3531896
43.6551276,-79.3532557
43.6550872,-79.3533236
43.6550439,-79.3533682
leisure_type: park
     
leisure id: 232956122
43.6551587,-79.3544489
43.6549708,-79.3537522
43.6547469,-79.3538676
43.6549348,-79.3545643
43.6551587,-79.3544489
leisure_type: park
     
leisure id: 234430519
43.6572088,-79.3733168
43.6572845,-79.3731907
43.6573970,-79.3731022
43.6574417,-79.3730780
43.6572573,-79.3727964
43.6571816,-79.3727669
43.6570982,-79.3731317
43.6568634,-79.3731236
43.6560814,-79.3727884
43.6560708,-79.3728483
43.6572088,-79.3733168
leisure_type: park
     
leisure id: 239827928
43.6563251,-79.3725290
43.6562703,-79.3727748
43.6561881,-79.3727398
43.6562429,-79.3724940
43.6563251,-79.3725290
leisure_type: playground
     
leisure id: 244111763
43.6598223,-79.3528398
43.6598109,-79.3528366
43.6597954,-79.3528609
43.6597757,-79.3528785
43.6597532,-79.3528879
43.6597298,-79.3528884
43.6597166,-79.3528721
43.6597081,-79.3528505
43.6597056,-79.3528263
43.6597091,-79.3528022
43.6597183,-79.3527813
43.6597368,-79.3527408
43.6597626,-79.3527089
43.6597938,-79.3526881
43.6598095,-79.3527079
43.6598212,-79.3527324
43.6598228,-79.3527391
43.6598259,-79.3527447
43.6598302,-79.3527486
43.6598352,-79.3527503
43.6598403,-79.3527497
43.6598449,-79.3527467
43.6598486,-79.3527418
43.6598761,-79.3527181
43.6598979,-79.3527441
43.6599121,-79.3527787
43.6599168,-79.3528180
43.6599115,-79.3528572
43.6599056,-79.3528744
43.6598961,-79.3528884
43.6598840,-79.3528977
43.6598704,-79.3529014
43.6598567,-79.3528992
43.6598441,-79.3528913
43.6598338,-79.3528785
43.6598269,-79.3528619
43.6598223,-79.3528398
leisure_type: playground
     
leisure id: 244111764
43.6593393,-79.3532069
43.6593822,-79.3530216
43.6590815,-79.3528885
43.6590386,-79.3530737
43.6593393,-79.3532069
leisure_type: pitch
     
leisure id: 247881250
43.6542281,-79.3591839
43.6540663,-79.3589937
43.6539764,-79.3591397
43.6541382,-79.3593299
43.6542281,-79.3591839
leisure_type: pitch
     
leisure id: 249844096
43.6619626,-79.3625985
43.6617348,-79.3625052
43.6617969,-79.3622153
43.6620247,-79.3623086
43.6619626,-79.3625985
leisure_type: swimming_pool
     
leisure id: 249844189
43.6623675,-79.3601581
43.6624336,-79.3598500
43.6622919,-79.3597920
43.6622258,-79.3601000
43.6623675,-79.3601581
leisure_type: pitch
     
leisure id: 251479656
43.6625114,-79.3501827
43.6627166,-79.3493020
43.6620989,-79.3490272
43.6618938,-79.3499079
43.6625114,-79.3501827
leisure_type: pitch
     
leisure id: 286197053
43.6618639,-79.3610720
43.6613278,-79.3633876
43.6605862,-79.3630816
43.6606978,-79.3625864
43.6603311,-79.3624325
43.6603411,-79.3623913
43.6604160,-79.3620494
43.6605220,-79.3615757
43.6606176,-79.3611516
43.6607368,-79.3606192
43.6618639,-79.3610720
leisure_type: park
     
leisure id: 286197057
43.6597290,-79.3641566
43.6594226,-79.3640311
43.6593717,-79.3642686
43.6596781,-79.3643941
43.6597290,-79.3641566
leisure_type: garden
     
leisure id: 298450360
43.6533071,-79.3525774
43.6533098,-79.3525711
43.6533371,-79.3525483
43.6533763,-79.3525208
43.6534037,-79.3525050
43.6534090,-79.3525410
43.6534603,-79.3525292
43.6534753,-79.3525257
43.6534931,-79.3525212
43.6534917,-79.3525984
43.6534889,-79.3526419
43.6534770,-79.3527435
43.6534731,-79.3527596
43.6534638,-79.3527783
43.6534499,-79.3527918
43.6534336,-79.3527988
43.6534251,-79.3527996
43.6534074,-79.3527971
43.6533857,-79.3527846
43.6533788,-79.3527764
43.6533297,-79.3526998
43.6533126,-79.3526461
43.6533069,-79.3525986
43.6533071,-79.3525774
leisure_type: playground
     
leisure id: 298450362
43.6535100,-79.3521428
43.6535180,-79.3520998
43.6535202,-79.3520596
43.6535193,-79.3520541
43.6535322,-79.3520484
43.6535217,-79.3520171
43.6535113,-79.3520221
43.6535054,-79.3520086
43.6534930,-79.3519881
43.6534728,-79.3519758
43.6534513,-79.3519730
43.6534306,-79.3519853
43.6534251,-79.3519680
43.6534081,-79.3519864
43.6533911,-79.3520255
43.6533770,-79.3520702
43.6533885,-79.3520753
43.6533828,-79.3521130
43.6533831,-79.3521721
43.6533879,-79.3522043
43.6533960,-79.3522237
43.6534070,-79.3522385
43.6534209,-79.3522477
43.6534362,-79.3522502
43.6534513,-79.3522458
43.6534709,-79.3522281
43.6534865,-79.3522039
43.6534993,-79.3521772
43.6535100,-79.3521428
leisure_type: playground
     
leisure id: 298948144
43.6586231,-79.3622685
43.6584620,-79.3622020
43.6584831,-79.3621045
43.6586441,-79.3621709
43.6586231,-79.3622685
leisure_type: pitch
     
leisure id: 300477925
43.6613999,-79.3626861
43.6614104,-79.3626403
43.6614651,-79.3626641
43.6615073,-79.3624790
43.6614711,-79.3624633
43.6614826,-79.3624126
43.6615108,-79.3624249
43.6615453,-79.3622735
43.6614988,-79.3622532
43.6615266,-79.3621314
43.6615687,-79.3621498
43.6616275,-79.3618923
43.6615288,-79.3618492
43.6614863,-79.3620354
43.6614632,-79.3620253
43.6614463,-79.3620994
43.6614680,-79.3621088
43.6614277,-79.3622854
43.6614126,-79.3622788
43.6613977,-79.3623441
43.6614179,-79.3623529
43.6613791,-79.3625232
43.6613605,-79.3625151
43.6613459,-79.3625788
43.6613672,-79.3625881
43.6613499,-79.3626643
43.6613999,-79.3626861
leisure_type: playground
     
leisure id: 300477926
43.6616724,-79.3616336
43.6617380,-79.3613372
43.6616395,-79.3612955
43.6615975,-79.3614852
43.6615880,-79.3614812
43.6615727,-79.3615501
43.6615895,-79.3615572
43.6615802,-79.3615993
43.6615964,-79.3616061
43.6615898,-79.3616358
43.6616193,-79.3616482
43.6616268,-79.3616143
43.6616724,-79.3616336
leisure_type: playground
     
leisure id: 300586679
43.6588240,-79.3620186
43.6589796,-79.3612920
43.6586988,-79.3611771
43.6585432,-79.3619037
43.6588240,-79.3620186
leisure_type: pitch
     
leisure id: 300590078
43.6555978,-79.3710634
43.6556564,-79.3707846
43.6555688,-79.3707470
43.6555630,-79.3707458
43.6555572,-79.3707471
43.6555519,-79.3707507
43.6555476,-79.3707562
43.6555447,-79.3707633
43.6555434,-79.3707712
43.6554897,-79.3710158
43.6555978,-79.3710634
leisure_type: playground
     
leisure id: 300590080
43.6600297,-79.3664612
43.6600494,-79.3664431
43.6603014,-79.3665630
43.6602935,-79.3666593
43.6602626,-79.3667464
43.6602122,-79.3668140
43.6601484,-79.3668542
43.6600784,-79.3668623
43.6600106,-79.3668374
43.6599528,-79.3667824
43.6600297,-79.3664612
leisure_type: pitch
     
leisure id: 300590081
43.6651028,-79.3626354
43.6651290,-79.3626103
43.6654167,-79.3627488
43.6654079,-79.3628120
43.6653952,-79.3629040
43.6653688,-79.3629853
43.6653252,-79.3630510
43.6652688,-79.3630941
43.6652054,-79.3631103
43.6651415,-79.3630979
43.6650974,-79.3630815
43.6650308,-79.3630359
43.6651028,-79.3626354
leisure_type: pitch
     
leisure id: 300590082
43.6564606,-79.3719246
43.6564819,-79.3718373
43.6564869,-79.3718262
43.6565449,-79.3718535
43.6565652,-79.3718705
43.6565764,-79.3718850
43.6565844,-79.3718714
43.6566134,-79.3719072
43.6566337,-79.3719473
43.6566368,-79.3719754
43.6566257,-79.3719874
43.6565887,-79.3719925
43.6565733,-79.3719925
43.6565597,-79.3720019
43.6565412,-79.3719942
43.6565066,-79.3719831
43.6564869,-79.3719618
43.6564606,-79.3719246
leisure_type: playground
     
leisure id: 300590085
43.6590545,-79.3596309
43.6590389,-79.3596455
43.6590210,-79.3596533
43.6590022,-79.3596536
43.6589841,-79.3596463
43.6589684,-79.3596321
43.6586797,-79.3593161
43.6586721,-79.3592830
43.6586709,-79.3592484
43.6586761,-79.3592145
43.6587460,-79.3590806
43.6587643,-79.3590685
43.6587839,-79.3590659
43.6588106,-79.3590703
43.6588285,-79.3590781
43.6591109,-79.3594004
43.6591230,-79.3594264
43.6591295,-79.3594560
43.6591300,-79.3594869
43.6591244,-79.3595169
43.6590545,-79.3596309
leisure_type: ice_rink
     
leisure id: 300590088
43.6599094,-79.3673149
43.6597720,-79.3672600
43.6598503,-79.3668854
43.6599877,-79.3669403
43.6599094,-79.3673149
leisure_type: pitch
     
leisure id: 300590089
43.6652191,-79.3640322
43.6652916,-79.3636912
43.6652066,-79.3636566
43.6651341,-79.3639977
43.6652191,-79.3640322
leisure_type: playground
     
leisure id: 300590090
43.6651203,-79.3636986
43.6651503,-79.3635523
43.6649684,-79.3634812
43.6649385,-79.3636276
43.6651203,-79.3636986
leisure_type: pitch
     
leisure id: 300590091
43.6651445,-79.3641810
43.6651987,-79.3640719
43.6651935,-79.3640522
43.6651678,-79.3640371
43.6651279,-79.3640614
43.6651132,-79.3641009
43.6651132,-79.3641317
43.6651198,-79.3641561
43.6651445,-79.3641810
leisure_type: playground
     
leisure id: 300590092
43.6645962,-79.3636649
43.6645882,-79.3636353
43.6646029,-79.3635610
43.6646106,-79.3635496
43.6646207,-79.3635426
43.6646319,-79.3635407
43.6647018,-79.3635735
43.6647003,-79.3635926
43.6646728,-79.3636977
43.6645962,-79.3636649
leisure_type: playground
     
leisure id: 300590093
43.6597750,-79.3600384
43.6600992,-79.3585951
43.6591756,-79.3582412
43.6591300,-79.3582667
43.6584889,-79.3594337
43.6585024,-79.3594944
43.6591181,-79.3597647
43.6597750,-79.3600384
leisure_type: park
     
leisure id: 300875756
43.6599450,-79.3497602
43.6598292,-79.3497059
43.6597446,-79.3500505
43.6598604,-79.3501048
43.6599450,-79.3497602
leisure_type: ice_rink
     
leisure id: 300881620
43.6531532,-79.3845124
43.6531682,-79.3844447
43.6531811,-79.3844391
43.6532062,-79.3843217
43.6532558,-79.3843860
43.6532987,-79.3844283
43.6533643,-79.3844781
43.6533554,-79.3845171
43.6533486,-79.3845152
43.6533330,-79.3845894
43.6531532,-79.3845124
leisure_type: garden
     
leisure id: 300881621
43.6537349,-79.3834911
43.6537546,-79.3833840
43.6534963,-79.3832825
43.6534848,-79.3833295
43.6534916,-79.3833351
43.6534685,-79.3834272
43.6535269,-79.3834187
43.6535867,-79.3834206
43.6536377,-79.3834328
43.6536778,-79.3834479
43.6537118,-79.3834676
43.6537349,-79.3834911
leisure_type: garden
     
leisure id: 300881622
43.6533575,-79.3845988
43.6533622,-79.3845777
43.6533680,-79.3845805
43.6533867,-79.3844936
43.6534186,-79.3845082
43.6534621,-79.3845213
43.6535179,-79.3845213
43.6535656,-79.3845108
43.6536110,-79.3844875
43.6535753,-79.3846622
43.6535682,-79.3846608
43.6535607,-79.3846866
43.6533575,-79.3845988
leisure_type: garden
     
leisure id: 300881623
43.6539109,-79.3840829
43.6539864,-79.3837353
43.6539680,-79.3837278
43.6540136,-79.3834920
43.6537791,-79.3833962
43.6537696,-79.3834385
43.6537811,-79.3834441
43.6537628,-79.3835146
43.6538160,-79.3836023
43.6538526,-79.3837274
43.6538783,-79.3838574
43.6538912,-79.3839918
43.6538967,-79.3840791
43.6539109,-79.3840829
leisure_type: garden
     
leisure id: 300881627
43.6532646,-79.3833970
43.6532648,-79.3834209
43.6532597,-79.3834437
43.6532498,-79.3834633
43.6532359,-79.3834776
43.6532196,-79.3834853
43.6532023,-79.3834857
43.6531857,-79.3834786
43.6531716,-79.3834648
43.6531612,-79.3834457
43.6531556,-79.3834231
43.6531554,-79.3833992
43.6531605,-79.3833763
43.6531705,-79.3833568
43.6531843,-79.3833425
43.6532007,-79.3833347
43.6532180,-79.3833344
43.6532345,-79.3833414
43.6532486,-79.3833552
43.6532590,-79.3833743
43.6532646,-79.3833970
leisure_type: garden
     
leisure id: 300881628
43.6539325,-79.3840920
43.6540289,-79.3836486
43.6540078,-79.3836399
43.6540384,-79.3834989
43.6540920,-79.3835211
43.6539649,-79.3841054
43.6539325,-79.3840920
leisure_type: garden
     
leisure id: 300881629
43.6537408,-79.3847550
43.6537752,-79.3845895
43.6537994,-79.3845991
43.6538656,-79.3842806
43.6539227,-79.3843032
43.6538221,-79.3847873
43.6537408,-79.3847550
leisure_type: garden
     
leisure id: 300881630
43.6533441,-79.3834591
43.6533917,-79.3832337
43.6534691,-79.3832722
43.6534399,-79.3834084
43.6534481,-79.3834103
43.6534454,-79.3834281
43.6534059,-79.3834413
43.6533441,-79.3834591
leisure_type: garden
     
leisure id: 300881631
43.6537206,-79.3847377
43.6537770,-79.3844981
43.6537954,-79.3845028
43.6538437,-79.3842708
43.6538212,-79.3842652
43.6537186,-79.3843901
43.6536384,-79.3844718
43.6535908,-79.3846926
43.6537206,-79.3847377
leisure_type: garden
     
leisure id: 300881632
43.6531335,-79.3845105
43.6531818,-79.3842935
43.6531179,-79.3842104
43.6530995,-79.3842874
43.6530788,-79.3842804
43.6530985,-79.3841827
43.6530587,-79.3841315
43.6530492,-79.3844729
43.6531335,-79.3845105
leisure_type: garden
     
leisure id: 300881633
43.6532047,-79.3842022
43.6531687,-79.3840879
43.6531565,-79.3839644
43.6531690,-79.3838410
43.6532054,-79.3837269
43.6530781,-79.3836761
43.6530615,-79.3840899
43.6531922,-79.3842666
43.6532047,-79.3842022
leisure_type: garden
     
leisure id: 301183525
43.6547110,-79.3560456
43.6548683,-79.3557115
43.6548581,-79.3557130
43.6548406,-79.3557181
43.6548236,-79.3557289
43.6548095,-79.3557458
43.6547164,-79.3559467
43.6547106,-79.3559659
43.6547088,-79.3559865
43.6547113,-79.3560128
43.6547110,-79.3560456
leisure_type: garden
     
leisure id: 301183527
43.6546266,-79.3563909
43.6546695,-79.3562992
43.6546764,-79.3562881
43.6546829,-79.3562824
43.6546759,-79.3562810
43.6546565,-79.3562892
43.6546462,-79.3563041
43.6546232,-79.3563602
43.6546232,-79.3563755
43.6546238,-79.3563873
43.6546266,-79.3563909
leisure_type: garden
     
leisure id: 301183528
43.6547519,-79.3558543
43.6548092,-79.3557337
43.6548221,-79.3557191
43.6548377,-79.3557110
43.6548227,-79.3557087
43.6548080,-79.3557128
43.6547949,-79.3557229
43.6547533,-79.3558142
43.6547505,-79.3558286
43.6547505,-79.3558407
43.6547519,-79.3558543
leisure_type: garden
     
leisure id: 301183529
43.6546754,-79.3562007
43.6547038,-79.3561396
43.6547177,-79.3561234
43.6547348,-79.3561143
43.6547488,-79.3561091
43.6547616,-79.3560997
43.6547720,-79.3560900
43.6547304,-79.3561814
43.6547220,-79.3561911
43.6547118,-79.3561964
43.6546924,-79.3561985
43.6546754,-79.3562007
leisure_type: garden
     
leisure id: 301183530
43.6545965,-79.3565663
43.6545988,-79.3565481
43.6545987,-79.3565295
43.6545965,-79.3564846
43.6545973,-79.3564684
43.6546015,-79.3564531
43.6546086,-79.3564402
43.6546772,-79.3562979
43.6546863,-79.3562903
43.6547130,-79.3562726
43.6547393,-79.3562560
43.6545965,-79.3565663
leisure_type: garden
     
leisure id: 301183531
43.6547055,-79.3561228
43.6548424,-79.3558346
43.6548464,-79.3558816
43.6548475,-79.3558982
43.6548439,-79.3559194
43.6548315,-79.3559517
43.6547723,-79.3560744
43.6547618,-79.3560865
43.6547500,-79.3560961
43.6547391,-79.3561011
43.6547259,-79.3561061
43.6547055,-79.3561228
leisure_type: garden
     
leisure id: 301183532
43.6545512,-79.3567339
43.6547137,-79.3563857
43.6547110,-79.3564097
43.6547141,-79.3564336
43.6547159,-79.3564608
43.6547119,-79.3564876
43.6546257,-79.3566723
43.6546222,-79.3566801
43.6546174,-79.3566863
43.6546115,-79.3566905
43.6545782,-79.3567102
43.6545651,-79.3567188
43.6545512,-79.3567339
leisure_type: garden
     
leisure id: 301183534
43.6548282,-79.3564983
43.6549633,-79.3562278
43.6549815,-79.3562420
43.6551575,-79.3558958
43.6551174,-79.3557837
43.6551064,-79.3557698
43.6550928,-79.3557614
43.6550779,-79.3557596
43.6550635,-79.3557646
43.6550509,-79.3557757
43.6548895,-79.3561431
43.6548691,-79.3562026
43.6548669,-79.3562339
43.6548713,-79.3562561
43.6548661,-79.3562864
43.6548464,-79.3563237
43.6548216,-79.3564206
43.6548106,-79.3565327
43.6548282,-79.3564983
leisure_type: garden
     
leisure id: 301183535
43.6548564,-79.3555855
43.6548276,-79.3555229
43.6548259,-79.3555150
43.6548259,-79.3555067
43.6548276,-79.3554987
43.6548452,-79.3554646
43.6548492,-79.3554629
43.6548533,-79.3554631
43.6548571,-79.3554653
43.6548994,-79.3555042
43.6549026,-79.3555084
43.6549048,-79.3555136
43.6549059,-79.3555195
43.6549057,-79.3555255
43.6549044,-79.3555313
43.6548754,-79.3555919
43.6548715,-79.3555945
43.6548671,-79.3555955
43.6548627,-79.3555949
43.6548587,-79.3555927
43.6548564,-79.3555855
leisure_type: garden
     
leisure id: 301183536
43.6545447,-79.3571371
43.6545344,-79.3571291
43.6545169,-79.3571381
43.6545096,-79.3571381
43.6545016,-79.3571371
43.6544855,-79.3571200
43.6544954,-79.3570968
43.6544972,-79.3570882
43.6544976,-79.3570761
43.6544844,-79.3570135
43.6544830,-79.3570037
43.6544834,-79.3569937
43.6544855,-79.3569842
43.6545680,-79.3568061
43.6545811,-79.3567845
43.6545978,-79.3567685
43.6546170,-79.3567591
43.6546393,-79.3567469
43.6546575,-79.3567253
43.6546976,-79.3566345
43.6546966,-79.3567455
43.6546936,-79.3568242
43.6546903,-79.3568611
43.6545447,-79.3571371
leisure_type: garden
     
leisure id: 301183537
43.6552936,-79.3555560
43.6554087,-79.3553062
43.6554104,-79.3552949
43.6554094,-79.3552835
43.6554057,-79.3552731
43.6553999,-79.3552648
43.6553524,-79.3552613
43.6553475,-79.3552584
43.6553423,-79.3552580
43.6553372,-79.3552599
43.6553328,-79.3552641
43.6553297,-79.3552700
43.6553282,-79.3552770
43.6552905,-79.3553576
43.6552801,-79.3553605
43.6552579,-79.3553612
43.6552084,-79.3554383
43.6552259,-79.3554925
43.6552481,-79.3555553
43.6552511,-79.3555656
43.6552565,-79.3555739
43.6552636,-79.3555792
43.6552715,-79.3555809
43.6552794,-79.3555788
43.6552863,-79.3555732
43.6552936,-79.3555560
leisure_type: garden
     
leisure id: 301183538
43.6656514,-79.3709410
43.6657078,-79.3706848
43.6655738,-79.3706284
43.6655174,-79.3708845
43.6656514,-79.3709410
leisure_type: playground
     
leisure id: 302110988
43.6499225,-79.3651297
43.6498222,-79.3650980
43.6498613,-79.3649265
43.6499011,-79.3649371
43.6499417,-79.3650525
43.6499355,-79.3650789
43.6499233,-79.3650758
43.6499179,-79.3650980
43.6499294,-79.3651033
43.6499225,-79.3651297
leisure_type: playground
     
leisure id: 302116193
43.6518195,-79.3746600
43.6517832,-79.3748143
43.6517201,-79.3747860
43.6517564,-79.3746316
43.6518195,-79.3746600
leisure_type: swimming_pool
     
leisure id: 302352937
43.6661732,-79.3766093
43.6662490,-79.3762345
43.6657961,-79.3760594
43.6657202,-79.3764341
43.6661732,-79.3766093
leisure_type: pitch
     
leisure id: 305490975
43.6538000,-79.3519669
43.6538721,-79.3519706
43.6539132,-79.3519685
43.6539626,-79.3519503
43.6539663,-79.3519439
43.6539700,-79.3519287
43.6539688,-79.3519104
43.6539675,-79.3519031
43.6539643,-79.3518981
43.6539114,-79.3518831
43.6538943,-79.3518829
43.6538475,-79.3518927
43.6537919,-79.3519101
43.6537057,-79.3519404
43.6536700,-79.3518847
43.6536655,-79.3518825
43.6536353,-79.3518957
43.6536250,-79.3519041
43.6536013,-79.3519616
43.6535961,-79.3519937
43.6535905,-79.3520119
43.6535857,-79.3520200
43.6535618,-79.3520374
43.6535615,-79.3520443
43.6535734,-79.3520823
43.6535829,-79.3520891
43.6535950,-79.3520866
43.6536101,-79.3520777
43.6536228,-79.3520744
43.6536560,-79.3520825
43.6536958,-79.3520842
43.6537178,-79.3520545
43.6537189,-79.3520510
43.6537145,-79.3519968
43.6538000,-79.3519669
leisure_type: playground
     
leisure id: 305490978
43.6522006,-79.3607047
43.6521904,-79.3605722
43.6520891,-79.3605871
43.6520993,-79.3607196
43.6522006,-79.3607047
leisure_type: garden
     
leisure id: 305490979
43.6520465,-79.3608174
43.6520418,-79.3607576
43.6520942,-79.3607497
43.6520989,-79.3608096
43.6520465,-79.3608174
leisure_type: garden
     
leisure id: 317741996
43.6588210,-79.3609533
43.6588432,-79.3608558
43.6587577,-79.3608187
43.6587355,-79.3609161
43.6588210,-79.3609533
leisure_type: playground
     
leisure id: 317741997
43.6589430,-79.3610070
43.6589651,-79.3609096
43.6588797,-79.3608724
43.6588575,-79.3609699
43.6589430,-79.3610070
leisure_type: playground
     
leisure id: 317741998
43.6590484,-79.3610528
43.6590705,-79.3609554
43.6589850,-79.3609182
43.6589629,-79.3610157
43.6590484,-79.3610528
leisure_type: playground
     
leisure id: 323919739
43.6676390,-79.3762692
43.6672120,-79.3760870
43.6673406,-79.3755318
43.6676305,-79.3756411
43.6677582,-79.3750914
43.6678138,-79.3751131
43.6676992,-79.3756700
43.6677634,-79.3757036
43.6676390,-79.3762692
leisure_type: park
     
leisure id: 327171377
43.6528915,-79.3627244
43.6526175,-79.3624139
43.6527282,-79.3622272
43.6530022,-79.3625377
43.6528915,-79.3627244
leisure_type: park
     
leisure id: 327172595
43.6499175,-79.3631870
43.6496099,-79.3630527
43.6497909,-79.3622618
43.6500984,-79.3623962
43.6499175,-79.3631870
leisure_type: pitch
     
leisure id: 335690419
43.6571770,-79.3613487
43.6571886,-79.3613388
43.6572206,-79.3611830
43.6570886,-79.3611250
43.6570516,-79.3612968
43.6571770,-79.3613487
leisure_type: playground
     
leisure id: 338717354
43.6523449,-79.3543037
43.6524289,-79.3541723
43.6524953,-79.3540546
43.6528859,-79.3532941
43.6534319,-79.3538041
43.6534125,-79.3538861
43.6533887,-79.3539864
43.6532200,-79.3547000
43.6526696,-79.3544470
43.6526452,-79.3544362
43.6525572,-79.3543974
43.6524692,-79.3543585
43.6523449,-79.3543037
leisure_type: park
     
leisure id: 341352419
43.6560225,-79.3559787
43.6560729,-79.3558931
43.6558061,-79.3556137
43.6557700,-79.3556984
43.6560225,-79.3559787
leisure_type: garden
     
leisure id: 353964102
43.6558146,-79.3828141
43.6558406,-79.3826819
43.6558636,-79.3826906
43.6558376,-79.3828227
43.6558146,-79.3828141
leisure_type: garden
     
leisure id: 353964103
43.6558549,-79.3826162
43.6558810,-79.3824880
43.6559064,-79.3824979
43.6558803,-79.3826261
43.6558549,-79.3826162
leisure_type: garden
     
leisure id: 353964104
43.6557228,-79.3832482
43.6557543,-79.3830958
43.6557761,-79.3831044
43.6557446,-79.3832567
43.6557228,-79.3832482
leisure_type: garden
     
leisure id: 353964105
43.6559695,-79.3820880
43.6559955,-79.3819559
43.6560185,-79.3819645
43.6559925,-79.3820967
43.6559695,-79.3820880
leisure_type: garden
     
leisure id: 353964106
43.6557674,-79.3830282
43.6557989,-79.3828758
43.6558206,-79.3828844
43.6557891,-79.3830368
43.6557674,-79.3830282
leisure_type: garden
     
leisure id: 353964107
43.6560480,-79.3817087
43.6560720,-79.3815971
43.6560957,-79.3816068
43.6560717,-79.3817185
43.6560480,-79.3817087
leisure_type: garden
     
leisure id: 353964108
43.6556761,-79.3834582
43.6557076,-79.3833058
43.6557293,-79.3833144
43.6556978,-79.3834667
43.6556761,-79.3834582
leisure_type: garden
     
leisure id: 353964109
43.6559568,-79.3822518
43.6559719,-79.3821814
43.6559502,-79.3821725
43.6559351,-79.3822429
43.6559568,-79.3822518
leisure_type: garden
     
leisure id: 353964110
43.6560137,-79.3818785
43.6560376,-79.3817668
43.6560613,-79.3817765
43.6560373,-79.3818882
43.6560137,-79.3818785
leisure_type: garden
     
leisure id: 353964111
43.6558964,-79.3824205
43.6559204,-79.3823088
43.6559441,-79.3823186
43.6559201,-79.3824302
43.6558964,-79.3824205
leisure_type: garden
     
leisure id: 360806952
43.6547412,-79.3620565
43.6548972,-79.3621609
43.6547146,-79.3627512
43.6547052,-79.3627815
43.6546979,-79.3627782
43.6546726,-79.3627685
43.6543683,-79.3626433
43.6543770,-79.3626106
43.6547412,-79.3620565
leisure_type: dog_park
     
leisure id: 367347341
43.6503024,-79.3833719
43.6503422,-79.3831908
43.6503053,-79.3831747
43.6503000,-79.3831991
43.6502655,-79.3833558
43.6503024,-79.3833719
leisure_type: garden
     
leisure id: 367348155
43.6505333,-79.3834665
43.6505685,-79.3833105
43.6506332,-79.3833384
43.6505981,-79.3834943
43.6505333,-79.3834665
leisure_type: garden
     
leisure id: 367350174
43.6508681,-79.3843184
43.6509201,-79.3840797
43.6508081,-79.3840330
43.6507560,-79.3842717
43.6508681,-79.3843184
leisure_type: swimming_pool
     
leisure id: 369777485
43.6663704,-79.3557091
43.6663748,-79.3556877
43.6663225,-79.3556670
43.6663181,-79.3556884
43.6663704,-79.3557091
leisure_type: garden
     
leisure id: 369777486
43.6665039,-79.3557670
43.6665086,-79.3557462
43.6664139,-79.3557055
43.6664092,-79.3557263
43.6665039,-79.3557670
leisure_type: garden
     
leisure id: 369777487
43.6667587,-79.3558779
43.6667635,-79.3558558
43.6666831,-79.3558226
43.6666784,-79.3558447
43.6667587,-79.3558779
leisure_type: garden
     
leisure id: 369777488
43.6666405,-79.3558260
43.6666452,-79.3558052
43.6665504,-79.3557644
43.6665457,-79.3557853
43.6666405,-79.3558260
leisure_type: garden
     
leisure id: 378959077
43.6660790,-79.3530485
43.6660789,-79.3530323
43.6660730,-79.3530162
43.6660648,-79.3530045
43.6660500,-79.3529948
43.6658868,-79.3529264
43.6656794,-79.3528388
43.6655646,-79.3529188
43.6649530,-79.3550783
43.6649918,-79.3551545
43.6651964,-79.3552550
43.6653757,-79.3553250
43.6654364,-79.3553175
43.6654639,-79.3552711
43.6655938,-79.3546815
43.6656777,-79.3543151
43.6657631,-79.3539497
43.6657750,-79.3539343
43.6657995,-79.3538752
43.6658344,-79.3538001
43.6658562,-79.3537632
43.6659057,-79.3536787
43.6659572,-79.3535654
43.6660790,-79.3530485
leisure_type: park
     
leisure id: 385062280
43.6636843,-79.3759570
43.6639268,-79.3748470
43.6637808,-79.3747861
43.6635384,-79.3758962
43.6636843,-79.3759570
leisure_type: park
     
leisure id: 390500618
43.6611556,-79.3753437
43.6613889,-79.3754470
43.6615229,-79.3755064
43.6615957,-79.3751922
43.6612285,-79.3750296
43.6611556,-79.3753437
leisure_type: playground
     
leisure id: 403480278
43.6492345,-79.3723292
43.6493237,-79.3721180
43.6493888,-79.3721341
43.6498731,-79.3723357
43.6498838,-79.3722868
43.6499144,-79.3722995
43.6500176,-79.3723521
43.6500065,-79.3724035
43.6502156,-79.3724955
43.6501636,-79.3727295
43.6501473,-79.3727194
43.6498438,-79.3725786
43.6492898,-79.3723505
43.6492612,-79.3723387
43.6492345,-79.3723292
leisure_type: park
     
leisure id: 427498621
43.6525536,-79.3554602
43.6519707,-79.3552080
43.6520619,-79.3548294
43.6522459,-79.3544964
43.6525295,-79.3546306
43.6527265,-79.3547234
43.6525536,-79.3554602
leisure_type: park
     
leisure id: 438900671
43.6533771,-79.3580926
43.6535066,-79.3575264
43.6530955,-79.3573467
43.6529659,-79.3579129
43.6533771,-79.3580926
leisure_type: sports_centre
     
leisure id: 468969369
43.6519083,-79.3692381
43.6516954,-79.3691411
43.6517367,-79.3689254
43.6519607,-79.3690178
43.6519083,-79.3692381
leisure_type: garden
     
leisure id: 469489214
43.6596262,-79.3816503
43.6596573,-79.3815151
43.6599813,-79.3816382
43.6599510,-79.3817735
43.6596262,-79.3816503
leisure_type: park
     
leisure id: 487881863
43.6598778,-79.3589999
43.6596446,-79.3587500
43.6597583,-79.3585473
43.6599915,-79.3587972
43.6598778,-79.3589999
leisure_type: pitch
     
leisure id: 487881864
43.6595458,-79.3596762
43.6589046,-79.3589655
43.6592108,-79.3584376
43.6598520,-79.3591483
43.6595458,-79.3596762
leisure_type: pitch
     
leisure id: 488131641
43.6558478,-79.3529073
43.6556227,-79.3526605
43.6555522,-79.3528605
43.6555479,-79.3528724
43.6555439,-79.3528874
43.6555438,-79.3529033
43.6555476,-79.3529184
43.6555549,-79.3529308
43.6555647,-79.3529390
43.6555761,-79.3529421
43.6556702,-79.3529301
43.6557992,-79.3529274
43.6558361,-79.3529314
43.6558478,-79.3529073
leisure_type: dog_park
     
leisure id: 541984825
43.6500181,-79.3658804
43.6500663,-79.3656728
43.6500946,-79.3656854
43.6500932,-79.3656916
43.6501260,-79.3657062
43.6501075,-79.3657856
43.6501162,-79.3657895
43.6500879,-79.3659114
43.6500181,-79.3658804
leisure_type: playground
     
leisure id: 555016202
43.6622253,-79.3584250
43.6619258,-79.3582954
43.6620330,-79.3578166
43.6624181,-79.3579857
43.6623770,-79.3581523
43.6622922,-79.3581179
43.6622253,-79.3584250
leisure_type: park
     
leisure id: 633957752
43.6517305,-79.3846541
43.6513823,-79.3845094
43.6509962,-79.3863319
43.6513414,-79.3864711
43.6517305,-79.3846541
leisure_type: park
     
leisure id: 638886532
43.6515223,-79.3761051
43.6516064,-79.3757176
43.6514653,-79.3756560
43.6513775,-79.3760470
43.6515223,-79.3761051
leisure_type: park
     
leisure id: 665161130
43.6598629,-79.3762840
43.6596737,-79.3762023
43.6595793,-79.3766947
43.6597413,-79.3767618
43.6598629,-79.3762840
leisure_type: park
     
leisure id: 683404218
43.6598163,-79.3837359
43.6598521,-79.3837632
43.6598860,-79.3837753
43.6599165,-79.3838127
43.6599331,-79.3838547
43.6599388,-79.3839213
43.6599308,-79.3839922
43.6598979,-79.3840394
43.6598651,-79.3840675
43.6598103,-79.3840853
43.6597616,-79.3840842
43.6597159,-79.3840720
43.6596634,-79.3840440
43.6596287,-79.3840079
43.6595978,-79.3839666
43.6595578,-79.3839102
43.6595253,-79.3838370
43.6595201,-79.3837670
43.6595332,-79.3836857
43.6595800,-79.3836009
43.6596300,-79.3835687
43.6596884,-79.3835664
43.6597110,-79.3835800
43.6597354,-79.3836092
43.6597584,-79.3836559
43.6598163,-79.3837359
leisure_type: ice_rink
     
leisure id: 683404227
43.6595526,-79.3837713
43.6595951,-79.3837570
43.6596324,-79.3837210
43.6596549,-79.3836778
43.6596619,-79.3836455
43.6596523,-79.3836191
43.6596341,-79.3836119
43.6596133,-79.3836167
43.6595890,-79.3836335
43.6595682,-79.3836635
43.6595509,-79.3837066
43.6595526,-79.3837713
leisure_type: park
     
leisure id: 683440156
43.6593852,-79.3838351
43.6593223,-79.3841437
43.6593782,-79.3841655
43.6594411,-79.3838569
43.6593852,-79.3838351
leisure_type: playground
     
leisure id: 686026889
43.6543810,-79.3608667
43.6543893,-79.3608382
43.6544040,-79.3608152
43.6544235,-79.3608005
43.6544455,-79.3607958
43.6544673,-79.3608016
43.6544864,-79.3608173
43.6545005,-79.3608410
43.6545080,-79.3608699
43.6545080,-79.3609006
43.6545015,-79.3609267
43.6544896,-79.3609490
43.6544733,-79.3609650
43.6544542,-79.3609735
43.6544342,-79.3609735
43.6544152,-79.3609650
43.6543989,-79.3609488
43.6543870,-79.3609266
43.6543802,-79.3608974
43.6543810,-79.3608667
leisure_type: playground
     
leisure id: 686055888
43.6593331,-79.3509656
43.6592147,-79.3509115
43.6591601,-79.3508865
43.6592835,-79.3503340
43.6592910,-79.3503004
43.6592976,-79.3503030
43.6593182,-79.3503112
43.6594414,-79.3503603
43.6593633,-79.3507076
43.6593886,-79.3507185
43.6593331,-79.3509656
leisure_type: dog_park
     
leisure id: 699438877
43.6626307,-79.3751478
43.6625976,-79.3751343
43.6625826,-79.3752044
43.6622681,-79.3750758
43.6624431,-79.3742579
43.6627519,-79.3743841
43.6627342,-79.3744667
43.6627730,-79.3744825
43.6626307,-79.3751478
leisure_type: dog_park
     
leisure id: 702116997
43.6506996,-79.3799316
43.6504082,-79.3798092
43.6502417,-79.3797394
43.6501805,-79.3800181
43.6503464,-79.3800878
43.6506384,-79.3802103
43.6506996,-79.3799316
leisure_type: park
