     
leisure id: 22926980
40.7175780,-74.0117415
40.7174685,-74.0108575
40.7173602,-74.0108060
40.7166002,-74.0109914
40.7165122,-74.0110377
40.7165014,-74.0111296
40.7167399,-74.0116901
40.7169936,-74.0117931
40.7175780,-74.0117415
leisure_type: park
     
leisure id: 36865288
40.7218541,-73.9962125
40.7215606,-73.9963288
40.7215218,-73.9961583
40.7214672,-73.9961798
40.7214275,-73.9960058
40.7217205,-73.9958906
40.7217376,-73.9959315
40.7218541,-73.9962125
leisure_type: park
     
leisure id: 44225581
40.7219733,-73.9973535
40.7219759,-73.9973414
40.7219730,-73.9973299
40.7219675,-73.9973218
40.7219606,-73.9973196
40.7215845,-73.9974439
40.7216118,-73.9975210
40.7216254,-73.9975591
40.7216467,-73.9976189
40.7217218,-73.9975579
40.7217651,-73.9975227
40.7217905,-73.9975020
40.7218210,-73.9974772
40.7219733,-73.9973535
leisure_type: park
     
leisure id: 66389835
40.7187617,-73.9932849
40.7186624,-73.9929489
40.7181507,-73.9932121
40.7182500,-73.9935481
40.7187617,-73.9932849
leisure_type: pitch
     
leisure id: 66389836
40.7215798,-73.9918584
40.7214568,-73.9914538
40.7219358,-73.9912002
40.7220588,-73.9916047
40.7215798,-73.9918584
leisure_type: pitch
     
leisure id: 108153674
40.7215162,-74.0077204
40.7214735,-74.0077848
40.7214166,-74.0078599
40.7213211,-74.0079215
40.7212459,-74.0079350
40.7211625,-74.0079403
40.7210934,-74.0079081
40.7210182,-74.0078545
40.7209369,-74.0077740
40.7208881,-74.0076667
40.7208617,-74.0075568
40.7208535,-74.0074575
40.7208698,-74.0073341
40.7209125,-74.0072161
40.7209775,-74.0071249
40.7210365,-74.0070713
40.7211503,-74.0070150
40.7213211,-74.0069506
40.7214817,-74.0068808
40.7216606,-74.0067414
40.7216565,-74.0067816
40.7216219,-74.0068755
40.7215935,-74.0069586
40.7215752,-74.0070954
40.7215731,-74.0072349
40.7215691,-74.0073932
40.7215630,-74.0075031
40.7215589,-74.0075890
40.7215345,-74.0076614
40.7215162,-74.0077204
leisure_type: park
     
leisure id: 108153676
40.7228823,-74.0052957
40.7222074,-74.0055424
40.7223721,-74.0057634
40.7228823,-74.0052957
leisure_type: park
     
leisure id: 181374390
40.7230023,-73.9906789
40.7228829,-73.9907426
40.7229749,-73.9910745
40.7231027,-73.9910117
40.7230023,-73.9906789
leisure_type: pitch
     
leisure id: 181374393
40.7232366,-73.9909404
40.7231374,-73.9906091
40.7230173,-73.9906717
40.7231165,-73.9910030
40.7232366,-73.9909404
leisure_type: pitch
     
leisure id: 219612698
40.7189051,-74.0068434
40.7188545,-74.0067286
40.7183815,-74.0069908
40.7183374,-74.0070216
40.7183496,-74.0070411
40.7189051,-74.0068434
leisure_type: common
     
leisure id: 239982768
40.7230106,-74.0060789
40.7229420,-74.0053903
40.7224230,-74.0058734
40.7226201,-74.0061513
40.7230106,-74.0060789
leisure_type: park
     
leisure id: 239988106
40.7254334,-74.0042121
40.7254537,-74.0045044
40.7243804,-74.0046707
40.7243723,-74.0046171
40.7254334,-74.0042121
leisure_type: park
     
leisure id: 239988118
40.7268534,-74.0033061
40.7268231,-74.0031851
40.7265738,-74.0034048
40.7265342,-74.0034641
40.7268534,-74.0033061
leisure_type: park
     
leisure id: 250049345
40.7200342,-74.0106906
40.7200529,-74.0106865
40.7200307,-74.0105113
40.7200088,-74.0105161
40.7199294,-74.0105329
40.7199312,-74.0105484
40.7198678,-74.0105605
40.7193898,-74.0106650
40.7193758,-74.0105542
40.7194010,-74.0105488
40.7193980,-74.0105251
40.7193244,-74.0105412
40.7193274,-74.0105648
40.7193092,-74.0105687
40.7193232,-74.0106795
40.7193132,-74.0106817
40.7193244,-74.0107702
40.7193262,-74.0107851
40.7192842,-74.0107943
40.7192813,-74.0107712
40.7192023,-74.0107886
40.7192051,-74.0108110
40.7191617,-74.0108206
40.7191589,-74.0107978
40.7190964,-74.0108115
40.7191115,-74.0109305
40.7191493,-74.0109222
40.7191714,-74.0110970
40.7191902,-74.0110928
40.7191973,-74.0111493
40.7191162,-74.0111671
40.7191175,-74.0111779
40.7190367,-74.0111957
40.7190516,-74.0113303
40.7190576,-74.0113757
40.7199955,-74.0111703
40.7199854,-74.0110906
40.7200206,-74.0110829
40.7200235,-74.0111061
40.7200669,-74.0110966
40.7200533,-74.0109891
40.7200895,-74.0109812
40.7200825,-74.0109259
40.7200644,-74.0109299
40.7200342,-74.0106906
leisure_type: park
     
leisure id: 250051493
40.7179566,-74.0113456
40.7179436,-74.0112432
40.7178998,-74.0112527
40.7179027,-74.0112759
40.7178246,-74.0112930
40.7178216,-74.0112686
40.7177799,-74.0112777
40.7177831,-74.0113031
40.7177219,-74.0113165
40.7177065,-74.0111949
40.7177426,-74.0111871
40.7177208,-74.0110151
40.7177386,-74.0110112
40.7177314,-74.0109541
40.7176511,-74.0109716
40.7176496,-74.0109598
40.7176339,-74.0108361
40.7175526,-74.0108539
40.7175681,-74.0109764
40.7175466,-74.0109811
40.7175687,-74.0111559
40.7175885,-74.0111515
40.7176190,-74.0113929
40.7176002,-74.0113970
40.7176070,-74.0114505
40.7176450,-74.0114422
40.7176616,-74.0115732
40.7176748,-74.0116777
40.7180891,-74.0115871
40.7180558,-74.0113240
40.7179566,-74.0113456
leisure_type: park
     
leisure id: 270791455
40.7244951,-74.0076618
40.7240231,-74.0077547
40.7239737,-74.0077310
40.7240860,-74.0075510
40.7241115,-74.0075550
40.7242314,-74.0073632
40.7243513,-74.0072268
40.7244052,-74.0071951
40.7244457,-74.0072327
40.7244696,-74.0073059
40.7244951,-74.0076618
leisure_type: park
     
leisure id: 297191606
40.7253626,-73.9911604
40.7253003,-73.9910164
40.7254668,-73.9908991
40.7255233,-73.9910446
40.7254959,-73.9910644
40.7253626,-73.9911604
leisure_type: garden
     
leisure id: 307027676
40.7175642,-73.9938466
40.7174761,-73.9935656
40.7173481,-73.9936303
40.7174342,-73.9939086
40.7175642,-73.9938466
leisure_type: pitch
     
leisure id: 307027677
40.7175935,-73.9938319
40.7175044,-73.9935488
40.7176333,-73.9934814
40.7177215,-73.9937618
40.7175935,-73.9938319
leisure_type: pitch
     
leisure id: 313996193
40.7243698,-73.9922868
40.7242405,-73.9923327
40.7239422,-73.9913215
40.7239831,-73.9912971
40.7240577,-73.9915092
40.7240895,-73.9914924
40.7241057,-73.9915362
40.7241786,-73.9917752
40.7242044,-73.9917618
40.7242096,-73.9917590
40.7243595,-73.9922529
40.7243698,-73.9922868
leisure_type: garden
     
leisure id: 324970093
40.7220287,-73.9914084
40.7222159,-73.9913135
40.7221673,-73.9911467
40.7219802,-73.9912416
40.7220287,-73.9914084
leisure_type: pitch
     
leisure id: 324970095
40.7220342,-73.9914250
40.7222208,-73.9913302
40.7222704,-73.9915003
40.7220838,-73.9915951
40.7220342,-73.9914250
leisure_type: pitch
     
leisure id: 324975291
40.7256290,-74.0108427
40.7256463,-74.0107539
40.7253389,-74.0103052
40.7253100,-74.0102631
40.7252337,-74.0101517
40.7251564,-74.0102013
40.7252276,-74.0108384
40.7252906,-74.0109108
40.7253457,-74.0108997
40.7255233,-74.0108639
40.7256290,-74.0108427
leisure_type: park
     
leisure id: 329041506
40.7242727,-74.0068777
40.7241550,-74.0067609
40.7240161,-74.0065683
40.7239338,-74.0063967
40.7238993,-74.0062939
40.7239223,-74.0062204
40.7239825,-74.0061865
40.7242736,-74.0061456
40.7242842,-74.0061783
40.7242231,-74.0062706
40.7241939,-74.0064492
40.7241966,-74.0065916
40.7242293,-74.0067516
40.7242727,-74.0068777
leisure_type: park
     
leisure id: 329041537
40.7244311,-74.0068228
40.7243912,-74.0068485
40.7243452,-74.0067959
40.7242842,-74.0066617
40.7242771,-74.0065146
40.7242948,-74.0063908
40.7243550,-74.0062928
40.7243833,-74.0062846
40.7244311,-74.0068228
leisure_type: park
     
leisure id: 351241702
40.7224756,-74.0050791
40.7223685,-74.0048522
40.7221633,-74.0050417
40.7222401,-74.0051773
40.7224756,-74.0050791
leisure_type: pitch
     
leisure id: 449139914
40.7234132,-74.0032224
40.7234279,-74.0032139
40.7236346,-74.0036078
40.7234996,-74.0037218
40.7234132,-74.0032224
leisure_type: park
     
leisure id: 453461400
40.7223353,-73.9950909
40.7222866,-73.9951100
40.7221240,-73.9951740
40.7221217,-73.9951642
40.7221120,-73.9951211
40.7220871,-73.9950104
40.7220155,-73.9947000
40.7219779,-73.9945333
40.7221006,-73.9944859
40.7223405,-73.9943933
40.7223942,-73.9946290
40.7223859,-73.9946322
40.7224127,-73.9947608
40.7223472,-73.9947844
40.7223596,-73.9948443
40.7222892,-73.9948697
40.7223033,-73.9949373
40.7223303,-73.9950669
40.7223353,-73.9950909
leisure_type: park
     
leisure id: 482789491
40.7213804,-74.0008344
40.7212209,-74.0005108
40.7211379,-74.0005843
40.7211427,-74.0005940
40.7214345,-74.0011865
40.7215186,-74.0011150
40.7213804,-74.0008344
leisure_type: park
     
leisure id: 497484756
40.7218924,-74.0062626
40.7222693,-74.0062022
40.7222781,-74.0061841
40.7222855,-74.0061687
40.7218568,-74.0055652
40.7218391,-74.0055689
40.7218243,-74.0055719
40.7218924,-74.0062626
leisure_type: park
     
leisure id: 613509792
40.7203116,-74.0059733
40.7202888,-74.0059910
40.7200191,-74.0053646
40.7200253,-74.0053184
40.7203862,-74.0052895
40.7204002,-74.0053288
40.7203238,-74.0053812
40.7202848,-74.0054147
40.7202685,-74.0054505
40.7202544,-74.0055000
40.7203116,-74.0059733
leisure_type: park
     
leisure id: 675917695
40.7179101,-73.9936945
40.7177576,-73.9937709
40.7176590,-73.9934490
40.7178156,-73.9933712
40.7179101,-73.9936945
leisure_type: pitch
     
leisure id: 675935776
40.7182298,-73.9909254
40.7182125,-73.9908630
40.7181652,-73.9908778
40.7181261,-73.9908865
40.7180941,-73.9909012
40.7180737,-73.9909133
40.7179848,-73.9909576
40.7179426,-73.9909797
40.7175787,-73.9911648
40.7175401,-73.9911902
40.7175238,-73.9912097
40.7175106,-73.9912231
40.7174766,-73.9912378
40.7174974,-73.9913066
40.7175716,-73.9912695
40.7179259,-73.9910917
40.7180605,-73.9910300
40.7181434,-73.9909844
40.7181784,-73.9909576
40.7181962,-73.9909421
40.7182298,-73.9909254
leisure_type: park
