     
leisure id: 41964690
38.9598408,-77.0243017
38.9600702,-77.0250259
38.9601056,-77.0250232
38.9601025,-77.0243043
38.9598408,-77.0243017
leisure_type: park
     
leisure id: 41964952
38.9592596,-77.0241154
38.9595993,-77.0241386
38.9592825,-77.0231873
38.9592596,-77.0241154
leisure_type: park
     
leisure id: 41965017
38.9457262,-77.0048057
38.9459527,-77.0051132
38.9461565,-77.0054088
38.9463738,-77.0056583
38.9465595,-77.0058090
38.9468719,-77.0059481
38.9472297,-77.0060062
38.9489957,-77.0062847
38.9492449,-77.0063197
38.9496479,-77.0064239
38.9514366,-77.0076884
38.9516948,-77.0077637
38.9517581,-77.0076711
38.9517808,-77.0073697
38.9518396,-77.0070272
38.9519076,-77.0067723
38.9520073,-77.0061865
38.9520118,-77.0060181
38.9519755,-77.0058444
38.9519349,-77.0056180
38.9518986,-77.0054557
38.9518307,-77.0052005
38.9517583,-77.0049917
38.9516496,-77.0047538
38.9515455,-77.0045742
38.9513643,-77.0044001
38.9512420,-77.0042959
38.9511198,-77.0041160
38.9509794,-77.0039246
38.9508164,-77.0038377
38.9500738,-77.0037100
38.9496571,-77.0035185
38.9493945,-77.0033444
38.9491803,-77.0031328
38.9489341,-77.0028899
38.9484719,-77.0026691
38.9480497,-77.0025949
38.9478058,-77.0026295
38.9466860,-77.0030986
38.9464722,-77.0031675
38.9463602,-77.0032167
38.9462063,-77.0035822
38.9459799,-77.0041680
38.9458847,-77.0044405
38.9457851,-77.0046665
38.9457262,-77.0048057
leisure_type: park
     
leisure id: 41965097
38.9587765,-77.0160936
38.9598453,-77.0160939
38.9612672,-77.0161115
38.9612488,-77.0116515
38.9608103,-77.0119815
38.9602125,-77.0124282
38.9587814,-77.0134951
38.9587765,-77.0160936
leisure_type: park
     
leisure id: 41965296
38.9584397,-77.0200434
38.9585940,-77.0205181
38.9586807,-77.0202119
38.9586899,-77.0199970
38.9584397,-77.0200434
leisure_type: park
     
leisure id: 48207404
38.9576160,-77.0089068
38.9576149,-77.0086468
38.9576148,-77.0086350
38.9576148,-77.0086196
38.9576139,-77.0086163
38.9576129,-77.0086132
38.9576115,-77.0086103
38.9576099,-77.0086076
38.9576082,-77.0086051
38.9576062,-77.0086028
38.9576040,-77.0086009
38.9576018,-77.0085991
38.9575993,-77.0085978
38.9575968,-77.0085966
38.9575944,-77.0085961
38.9575919,-77.0085959
38.9575894,-77.0085960
38.9575868,-77.0085963
38.9575844,-77.0085968
38.9575820,-77.0085975
38.9575795,-77.0085986
38.9575775,-77.0085996
38.9575750,-77.0086012
38.9575729,-77.0086028
38.9575630,-77.0086104
38.9575535,-77.0086186
38.9575443,-77.0086274
38.9575354,-77.0086366
38.9575268,-77.0086464
38.9575186,-77.0086567
38.9575108,-77.0086673
38.9575033,-77.0086785
38.9574962,-77.0086900
38.9574896,-77.0087020
38.9574834,-77.0087145
38.9574772,-77.0087270
38.9574711,-77.0087395
38.9574649,-77.0087521
38.9574589,-77.0087647
38.9574529,-77.0087773
38.9574469,-77.0087899
38.9574410,-77.0088026
38.9574350,-77.0088153
38.9574293,-77.0088281
38.9574002,-77.0088856
38.9573862,-77.0089134
38.9573791,-77.0089275
38.9573780,-77.0089307
38.9573774,-77.0089342
38.9573771,-77.0089376
38.9573773,-77.0089412
38.9573779,-77.0089445
38.9573790,-77.0089479
38.9573803,-77.0089509
38.9573821,-77.0089535
38.9573842,-77.0089558
38.9573865,-77.0089577
38.9573891,-77.0089591
38.9573918,-77.0089599
38.9573945,-77.0089601
38.9574138,-77.0089600
38.9574184,-77.0089600
38.9574655,-77.0089598
38.9575276,-77.0089594
38.9575820,-77.0089590
38.9575869,-77.0089573
38.9575921,-77.0089543
38.9575971,-77.0089505
38.9576017,-77.0089460
38.9576056,-77.0089406
38.9576091,-77.0089346
38.9576118,-77.0089282
38.9576140,-77.0089214
38.9576154,-77.0089141
38.9576160,-77.0089068
leisure_type: park
     
leisure id: 48207405
38.9575366,-77.0171896
38.9576075,-77.0174524
38.9576055,-77.0171922
38.9575366,-77.0171896
leisure_type: park
     
leisure id: 48207442
38.9543615,-77.0158922
38.9544158,-77.0136723
38.9533965,-77.0136184
38.9533924,-77.0138938
38.9533755,-77.0144172
38.9533421,-77.0158328
38.9543615,-77.0158922
leisure_type: park
     
leisure id: 48207461
38.9528361,-77.0319861
38.9528365,-77.0302864
38.9524311,-77.0302767
38.9524056,-77.0303186
38.9524016,-77.0319959
38.9528361,-77.0319861
leisure_type: park
     
leisure id: 48207463
38.9528803,-77.0254307
38.9526321,-77.0252757
38.9522974,-77.0250657
38.9520274,-77.0248966
38.9520189,-77.0248913
38.9520158,-77.0248895
38.9520125,-77.0248881
38.9520092,-77.0248872
38.9520058,-77.0248868
38.9520023,-77.0248866
38.9519989,-77.0248871
38.9519955,-77.0248879
38.9519923,-77.0248892
38.9519890,-77.0248908
38.9519860,-77.0248929
38.9519839,-77.0248949
38.9519820,-77.0248973
38.9519803,-77.0248999
38.9519788,-77.0249028
38.9519777,-77.0249058
38.9519768,-77.0249090
38.9519761,-77.0249124
38.9519759,-77.0249158
38.9519759,-77.0249192
38.9519763,-77.0249225
38.9519762,-77.0249264
38.9519761,-77.0249291
38.9519718,-77.0251371
38.9519638,-77.0253521
38.9519613,-77.0254523
38.9519611,-77.0254578
38.9519611,-77.0254633
38.9519607,-77.0254683
38.9519610,-77.0254733
38.9519618,-77.0254781
38.9519632,-77.0254827
38.9519652,-77.0254870
38.9519676,-77.0254908
38.9519705,-77.0254942
38.9519737,-77.0254968
38.9519773,-77.0254989
38.9519810,-77.0255002
38.9519849,-77.0255007
38.9519919,-77.0255011
38.9522832,-77.0255146
38.9526479,-77.0255317
38.9528792,-77.0255434
38.9528836,-77.0255436
38.9528881,-77.0255430
38.9528925,-77.0255418
38.9528968,-77.0255398
38.9529008,-77.0255372
38.9529046,-77.0255338
38.9529080,-77.0255299
38.9529110,-77.0255255
38.9529135,-77.0255207
38.9529155,-77.0255155
38.9529170,-77.0255099
38.9529177,-77.0255011
38.9529175,-77.0254921
38.9529166,-77.0254832
38.9529147,-77.0254746
38.9529119,-77.0254663
38.9529084,-77.0254586
38.9529041,-77.0254516
38.9528992,-77.0254452
38.9528936,-77.0254398
38.9528876,-77.0254353
38.9528803,-77.0254307
leisure_type: park
     
leisure id: 48207464
38.9571087,-77.0279741
38.9571073,-77.0279855
38.9571108,-77.0279988
38.9571211,-77.0280190
38.9571424,-77.0280278
38.9571672,-77.0280323
38.9571871,-77.0280349
38.9572050,-77.0280323
38.9572119,-77.0280252
38.9572222,-77.0280138
38.9572257,-77.0279953
38.9572278,-77.0279724
38.9572250,-77.0279583
38.9572092,-77.0279574
38.9571934,-77.0279644
38.9571727,-77.0279750
38.9571603,-77.0279759
38.9571087,-77.0279741
leisure_type: park
     
leisure id: 48207465
38.9508976,-77.0274443
38.9508799,-77.0274604
38.9508820,-77.0278306
38.9512825,-77.0275007
38.9509743,-77.0274555
38.9508976,-77.0274443
leisure_type: park
     
leisure id: 48207466
38.9537338,-77.0256855
38.9537285,-77.0256840
38.9537232,-77.0256823
38.9537179,-77.0256803
38.9537127,-77.0256782
38.9537074,-77.0256760
38.9537023,-77.0256737
38.9536972,-77.0256712
38.9536915,-77.0256684
38.9536856,-77.0256659
38.9536797,-77.0256637
38.9536737,-77.0256617
38.9536678,-77.0256600
38.9536618,-77.0256585
38.9536556,-77.0256573
38.9536495,-77.0256565
38.9536434,-77.0256559
38.9536373,-77.0256556
38.9535775,-77.0256528
38.9535603,-77.0256520
38.9535578,-77.0256522
38.9535554,-77.0256529
38.9535530,-77.0256540
38.9535509,-77.0256557
38.9535489,-77.0256576
38.9535473,-77.0256600
38.9535458,-77.0256627
38.9535448,-77.0256657
38.9535441,-77.0256687
38.9535438,-77.0256719
38.9535438,-77.0256752
38.9535443,-77.0256783
38.9535451,-77.0256814
38.9535463,-77.0256841
38.9535478,-77.0256868
38.9535496,-77.0256890
38.9535517,-77.0256910
38.9535610,-77.0256968
38.9536222,-77.0257354
38.9537218,-77.0257984
38.9539330,-77.0259296
38.9540314,-77.0259899
38.9540367,-77.0259924
38.9540437,-77.0259944
38.9540502,-77.0259947
38.9540566,-77.0259935
38.9540628,-77.0259911
38.9540686,-77.0259874
38.9540738,-77.0259826
38.9540784,-77.0259768
38.9540822,-77.0259700
38.9540851,-77.0259626
38.9540857,-77.0259602
38.9540870,-77.0259548
38.9540873,-77.0259460
38.9540929,-77.0257565
38.9540923,-77.0257495
38.9540906,-77.0257416
38.9540883,-77.0257345
38.9540852,-77.0257280
38.9540815,-77.0257220
38.9540771,-77.0257168
38.9540723,-77.0257124
38.9540670,-77.0257089
38.9540642,-77.0257076
38.9540614,-77.0257064
38.9540555,-77.0257049
38.9540509,-77.0257046
38.9537500,-77.0256893
38.9537445,-77.0256881
38.9537391,-77.0256870
38.9537338,-77.0256855
leisure_type: park
     
leisure id: 48207468
38.9496632,-77.0290826
38.9491689,-77.0294850
38.9490667,-77.0295869
38.9496632,-77.0295869
38.9496632,-77.0290826
leisure_type: park
     
leisure id: 48207469
38.9506675,-77.0195162
38.9506664,-77.0195221
38.9506661,-77.0195282
38.9506664,-77.0195342
38.9506675,-77.0195402
38.9506694,-77.0195458
38.9506719,-77.0195509
38.9506750,-77.0195556
38.9506787,-77.0195594
38.9506827,-77.0195625
38.9506872,-77.0195647
38.9506928,-77.0195649
38.9509446,-77.0195748
38.9509567,-77.0195754
38.9509600,-77.0195748
38.9509632,-77.0195736
38.9509662,-77.0195719
38.9509690,-77.0195697
38.9509716,-77.0195669
38.9509738,-77.0195638
38.9509757,-77.0195603
38.9509770,-77.0195565
38.9509780,-77.0195523
38.9509786,-77.0195481
38.9509792,-77.0195310
38.9509859,-77.0193425
38.9509865,-77.0193270
38.9509856,-77.0193218
38.9509840,-77.0193167
38.9509819,-77.0193121
38.9509792,-77.0193080
38.9509762,-77.0193044
38.9509727,-77.0193015
38.9509689,-77.0192993
38.9509648,-77.0192978
38.9509607,-77.0192972
38.9509565,-77.0192975
38.9509527,-77.0192984
38.9509484,-77.0193002
38.9509447,-77.0193028
38.9506788,-77.0194971
38.9506751,-77.0195010
38.9506719,-77.0195055
38.9506693,-77.0195109
38.9506675,-77.0195162
leisure_type: park
     
leisure id: 48207470
38.9544930,-77.0160853
38.9544868,-77.0164152
38.9548848,-77.0161202
38.9544930,-77.0160853
leisure_type: park
     
leisure id: 48207471
38.9499955,-77.0197560
38.9499971,-77.0197620
38.9499992,-77.0197668
38.9500019,-77.0197712
38.9500051,-77.0197750
38.9500087,-77.0197781
38.9500127,-77.0197806
38.9500169,-77.0197821
38.9500213,-77.0197826
38.9500257,-77.0197824
38.9500299,-77.0197814
38.9500341,-77.0197794
38.9500374,-77.0197770
38.9501631,-77.0196860
38.9501706,-77.0196805
38.9501727,-77.0196777
38.9501744,-77.0196743
38.9501754,-77.0196707
38.9501758,-77.0196669
38.9501758,-77.0196640
38.9501756,-77.0196607
38.9501750,-77.0196577
38.9501741,-77.0196548
38.9501727,-77.0196521
38.9501710,-77.0196497
38.9501691,-77.0196477
38.9501670,-77.0196461
38.9501646,-77.0196449
38.9501622,-77.0196444
38.9501597,-77.0196442
38.9501168,-77.0196422
38.9500349,-77.0196383
38.9500274,-77.0196380
38.9500236,-77.0196378
38.9500198,-77.0196383
38.9500161,-77.0196395
38.9500126,-77.0196414
38.9500093,-77.0196441
38.9500064,-77.0196473
38.9500039,-77.0196510
38.9500018,-77.0196552
38.9500003,-77.0196597
38.9499993,-77.0196644
38.9499989,-77.0196692
38.9499976,-77.0196922
38.9499946,-77.0197456
38.9499948,-77.0197511
38.9499955,-77.0197560
leisure_type: park
     
leisure id: 48207472
38.9521815,-77.0177052
38.9521814,-77.0177087
38.9521806,-77.0177399
38.9521794,-77.0177827
38.9521783,-77.0178255
38.9521771,-77.0178684
38.9521759,-77.0179112
38.9521748,-77.0179540
38.9521735,-77.0179968
38.9521723,-77.0180396
38.9521711,-77.0180825
38.9521702,-77.0181132
38.9521700,-77.0181191
38.9521698,-77.0181253
38.9521697,-77.0181307
38.9521703,-77.0181362
38.9521717,-77.0181414
38.9521737,-77.0181462
38.9521762,-77.0181506
38.9521792,-77.0181544
38.9521827,-77.0181576
38.9521865,-77.0181599
38.9521906,-77.0181615
38.9521948,-77.0181622
38.9521992,-77.0181621
38.9522033,-77.0181611
38.9522073,-77.0181591
38.9522093,-77.0181576
38.9524419,-77.0179867
38.9526124,-77.0178599
38.9527558,-77.0177525
38.9527628,-77.0177473
38.9527653,-77.0177430
38.9527673,-77.0177384
38.9527687,-77.0177333
38.9527695,-77.0177281
38.9527697,-77.0177228
38.9527692,-77.0177175
38.9527681,-77.0177123
38.9527664,-77.0177075
38.9527641,-77.0177030
38.9527614,-77.0176991
38.9527582,-77.0176956
38.9527547,-77.0176930
38.9527510,-77.0176910
38.9527467,-77.0176896
38.9527423,-77.0176895
38.9525310,-77.0176800
38.9523284,-77.0176710
38.9522211,-77.0176650
38.9522150,-77.0176647
38.9522084,-77.0176643
38.9522044,-77.0176648
38.9522004,-77.0176660
38.9521967,-77.0176680
38.9521932,-77.0176708
38.9521900,-77.0176740
38.9521873,-77.0176779
38.9521851,-77.0176822
38.9521834,-77.0176869
38.9521822,-77.0176919
38.9521817,-77.0176971
38.9521815,-77.0177052
leisure_type: park
     
leisure id: 48207478
38.9566812,-77.0091817
38.9567128,-77.0091580
38.9567145,-77.0091543
38.9567148,-77.0091501
38.9567136,-77.0091462
38.9567112,-77.0091434
38.9567080,-77.0091422
38.9566925,-77.0091409
38.9566767,-77.0091397
38.9566740,-77.0091394
38.9566511,-77.0091375
38.9566488,-77.0091377
38.9566465,-77.0091384
38.9566443,-77.0091395
38.9566424,-77.0091412
38.9566406,-77.0091431
38.9566391,-77.0091455
38.9566379,-77.0091481
38.9566371,-77.0091510
38.9566367,-77.0091539
38.9566366,-77.0091569
38.9566374,-77.0091978
38.9566382,-77.0092009
38.9566396,-77.0092036
38.9566416,-77.0092056
38.9566440,-77.0092068
38.9566466,-77.0092069
38.9566491,-77.0092060
38.9566621,-77.0091959
38.9566812,-77.0091817
leisure_type: park
     
leisure id: 48207479
38.9544934,-77.0109561
38.9538489,-77.0114389
38.9544768,-77.0114684
38.9544934,-77.0109561
leisure_type: park
     
leisure id: 48207480
38.9573156,-77.0089100
38.9573190,-77.0089021
38.9574191,-77.0086672
38.9574192,-77.0086639
38.9574180,-77.0086601
38.9574154,-77.0086571
38.9574120,-77.0086559
38.9574094,-77.0086564
38.9574073,-77.0086578
38.9570876,-77.0088942
38.9570849,-77.0088962
38.9570607,-77.0089140
38.9570586,-77.0089158
38.9570567,-77.0089181
38.9570550,-77.0089206
38.9570539,-77.0089235
38.9570530,-77.0089266
38.9570525,-77.0089298
38.9570524,-77.0089331
38.9570528,-77.0089363
38.9570535,-77.0089395
38.9570546,-77.0089424
38.9570561,-77.0089452
38.9570579,-77.0089475
38.9570600,-77.0089495
38.9570623,-77.0089510
38.9570647,-77.0089520
38.9570672,-77.0089525
38.9570729,-77.0089530
38.9570869,-77.0089543
38.9571068,-77.0089558
38.9571266,-77.0089571
38.9571463,-77.0089582
38.9571661,-77.0089591
38.9571859,-77.0089596
38.9572058,-77.0089600
38.9572256,-77.0089601
38.9572454,-77.0089600
38.9572595,-77.0089598
38.9572651,-77.0089596
38.9572696,-77.0089593
38.9572740,-77.0089586
38.9572784,-77.0089573
38.9572826,-77.0089556
38.9572866,-77.0089534
38.9572906,-77.0089508
38.9572944,-77.0089478
38.9572979,-77.0089443
38.9573012,-77.0089405
38.9573043,-77.0089363
38.9573156,-77.0089100
leisure_type: park
     
leisure id: 48207481
38.9536011,-77.0074988
38.9538810,-77.0073205
38.9539898,-77.0071797
38.9542561,-77.0071792
38.9545177,-77.0060183
38.9546027,-77.0060182
38.9546014,-77.0058617
38.9535993,-77.0058669
38.9536011,-77.0074988
leisure_type: park
     
leisure id: 48207483
38.9601430,-77.0299404
38.9601406,-77.0299432
38.9601017,-77.0299884
38.9600966,-77.0299963
38.9600955,-77.0299986
38.9600925,-77.0300049
38.9600892,-77.0300143
38.9600870,-77.0300241
38.9600860,-77.0300341
38.9600860,-77.0300443
38.9600870,-77.0300544
38.9600892,-77.0300641
38.9600924,-77.0300735
38.9600966,-77.0300821
38.9600992,-77.0300856
38.9601410,-77.0301405
38.9601496,-77.0301519
38.9601517,-77.0301538
38.9601540,-77.0301552
38.9601566,-77.0301561
38.9601591,-77.0301566
38.9601617,-77.0301564
38.9601642,-77.0301557
38.9601666,-77.0301546
38.9601688,-77.0301530
38.9601708,-77.0301509
38.9601725,-77.0301485
38.9601739,-77.0301457
38.9601749,-77.0301426
38.9601756,-77.0301395
38.9601758,-77.0301361
38.9601758,-77.0301320
38.9601766,-77.0299986
38.9601768,-77.0299612
38.9601769,-77.0299434
38.9601764,-77.0299388
38.9601754,-77.0299356
38.9601740,-77.0299326
38.9601722,-77.0299301
38.9601708,-77.0299286
38.9601684,-77.0299269
38.9601651,-77.0299259
38.9601617,-77.0299259
38.9601583,-77.0299266
38.9601551,-77.0299279
38.9601521,-77.0299300
38.9601430,-77.0299404
leisure_type: park
     
leisure id: 48207484
38.9586510,-77.0212301
38.9586480,-77.0212336
38.9586455,-77.0212375
38.9586434,-77.0212419
38.9586106,-77.0213355
38.9586067,-77.0213477
38.9586032,-77.0213603
38.9586001,-77.0213728
38.9585972,-77.0213856
38.9585947,-77.0213985
38.9585925,-77.0214115
38.9585906,-77.0214245
38.9585891,-77.0214377
38.9585880,-77.0214508
38.9585872,-77.0214641
38.9585812,-77.0216759
38.9585744,-77.0218895
38.9585679,-77.0220870
38.9585612,-77.0223218
38.9585609,-77.0223333
38.9585619,-77.0223384
38.9585635,-77.0223432
38.9585655,-77.0223477
38.9585680,-77.0223518
38.9585710,-77.0223554
38.9585743,-77.0223584
38.9585779,-77.0223608
38.9585817,-77.0223625
38.9585856,-77.0223636
38.9585897,-77.0223639
38.9585918,-77.0223640
38.9585957,-77.0223643
38.9587371,-77.0223715
38.9589533,-77.0223825
38.9590130,-77.0223837
38.9590184,-77.0223837
38.9590221,-77.0223829
38.9590258,-77.0223816
38.9590293,-77.0223799
38.9590326,-77.0223776
38.9590359,-77.0223750
38.9590388,-77.0223720
38.9590415,-77.0223686
38.9590440,-77.0223649
38.9590461,-77.0223610
38.9590479,-77.0223567
38.9590497,-77.0223523
38.9590510,-77.0223477
38.9590520,-77.0223430
38.9590527,-77.0223381
38.9590529,-77.0223332
38.9590528,-77.0223283
38.9590524,-77.0223233
38.9590515,-77.0223186
38.9590502,-77.0223140
38.9590486,-77.0223095
38.9589585,-77.0220314
38.9588730,-77.0217722
38.9588018,-77.0215530
38.9587410,-77.0213678
38.9587328,-77.0213430
38.9587041,-77.0212545
38.9587025,-77.0212502
38.9587007,-77.0212462
38.9586985,-77.0212424
38.9586961,-77.0212389
38.9586935,-77.0212357
38.9586906,-77.0212327
38.9586876,-77.0212301
38.9586843,-77.0212280
38.9586810,-77.0212262
38.9586775,-77.0212248
38.9586736,-77.0212235
38.9586696,-77.0212228
38.9586665,-77.0212228
38.9586617,-77.0212236
38.9586579,-77.0212251
38.9586543,-77.0212273
38.9586510,-77.0212301
leisure_type: park
     
leisure id: 48207495
38.9577351,-77.0137035
38.9577233,-77.0137034
38.9577197,-77.0137045
38.9577162,-77.0137064
38.9577130,-77.0137088
38.9577101,-77.0137118
38.9577076,-77.0137152
38.9577055,-77.0137193
38.9577039,-77.0137235
38.9577028,-77.0137282
38.9577022,-77.0137329
38.9577022,-77.0137376
38.9577021,-77.0137577
38.9577011,-77.0140349
38.9577010,-77.0140536
38.9577017,-77.0140566
38.9577029,-77.0140594
38.9577042,-77.0140619
38.9577059,-77.0140641
38.9577079,-77.0140661
38.9577100,-77.0140676
38.9577123,-77.0140686
38.9577147,-77.0140692
38.9577171,-77.0140693
38.9577195,-77.0140690
38.9577219,-77.0140682
38.9577351,-77.0140586
38.9579072,-77.0139343
38.9581654,-77.0137424
38.9581674,-77.0137406
38.9581691,-77.0137384
38.9581705,-77.0137357
38.9581717,-77.0137330
38.9581724,-77.0137299
38.9581728,-77.0137267
38.9581728,-77.0137236
38.9581724,-77.0137204
38.9581716,-77.0137174
38.9581704,-77.0137146
38.9581690,-77.0137121
38.9581672,-77.0137098
38.9581652,-77.0137079
38.9581630,-77.0137066
38.9581606,-77.0137056
38.9581582,-77.0137051
38.9579056,-77.0137037
38.9577351,-77.0137035
leisure_type: park
     
leisure id: 66819492
38.9533162,-77.0068312
38.9536310,-77.0061583
38.9527132,-77.0060106
38.9523917,-77.0068226
38.9533162,-77.0068312
leisure_type: garden
     
leisure id: 66819519
38.9610085,-77.0094472
38.9610465,-77.0089071
38.9610508,-77.0083399
38.9610803,-77.0078268
38.9610761,-77.0073568
38.9610762,-77.0069733
38.9610762,-77.0067140
38.9608063,-77.0064763
38.9606545,-77.0064763
38.9599375,-77.0071947
38.9601315,-77.0074594
38.9600893,-77.0075296
38.9602158,-77.0077348
38.9600644,-77.0078292
38.9600386,-77.0084748
38.9600386,-77.0090636
38.9610085,-77.0094472
leisure_type: garden
     
leisure id: 66819544
38.9600713,-77.0263653
38.9600701,-77.0261202
38.9596020,-77.0261238
38.9596032,-77.0263689
38.9600713,-77.0263653
leisure_type: garden
     
leisure id: 134179171
38.9537662,-77.0147110
38.9534377,-77.0146991
38.9534453,-77.0143201
38.9537754,-77.0143359
38.9537689,-77.0146026
38.9537662,-77.0147110
leisure_type: pitch
     
leisure id: 134179187
38.9540302,-77.0156101
38.9541990,-77.0151245
38.9536372,-77.0148086
38.9534668,-77.0152864
38.9540302,-77.0156101
leisure_type: pitch
     
leisure id: 134179190
38.9533962,-77.0157730
38.9534054,-77.0150268
38.9537079,-77.0150466
38.9539197,-77.0154197
38.9539074,-77.0157967
38.9533962,-77.0157730
leisure_type: pitch
     
leisure id: 134179194
38.9543189,-77.0147505
38.9543081,-77.0153506
38.9540226,-77.0153427
38.9538138,-77.0150328
38.9538061,-77.0147110
38.9543189,-77.0147505
leisure_type: pitch
     
leisure id: 291802243
38.9588361,-77.0269755
38.9586013,-77.0269631
38.9585654,-77.0269447
38.9585558,-77.0268923
38.9585774,-77.0261467
38.9586301,-77.0260820
38.9589415,-77.0260974
38.9589415,-77.0260512
38.9592482,-77.0260789
38.9592722,-77.0261066
38.9592817,-77.0261405
38.9592722,-77.0261836
38.9592027,-77.0265133
38.9590613,-77.0268954
38.9590374,-77.0269169
38.9590014,-77.0269262
38.9589679,-77.0269231
38.9588601,-77.0269231
38.9588361,-77.0269755
leisure_type: pitch
     
leisure id: 291802244
38.9590446,-77.0273668
38.9588936,-77.0273606
38.9589032,-77.0269539
38.9590589,-77.0269601
38.9590446,-77.0273668
leisure_type: pitch
     
leisure id: 296200875
38.9589553,-77.0278262
38.9589567,-77.0277719
38.9587710,-77.0277640
38.9587713,-77.0277471
38.9587326,-77.0277455
38.9587322,-77.0277610
38.9587222,-77.0277605
38.9587242,-77.0276825
38.9587423,-77.0276832
38.9587523,-77.0273158
38.9585225,-77.0273056
38.9585125,-77.0276717
38.9585030,-77.0276835
38.9584985,-77.0277119
38.9584999,-77.0277634
38.9585036,-77.0277840
38.9585092,-77.0277940
38.9585055,-77.0279274
38.9585562,-77.0279297
38.9585560,-77.0279396
38.9585703,-77.0279402
38.9585781,-77.0279602
38.9586384,-77.0279604
38.9586468,-77.0279415
38.9586676,-77.0279424
38.9586669,-77.0279732
38.9589504,-77.0279853
38.9589519,-77.0279324
38.9589794,-77.0279335
38.9589822,-77.0278274
38.9589691,-77.0278268
38.9589553,-77.0278262
leisure_type: park
     
leisure id: 297356789
38.9560009,-77.0201178
38.9559977,-77.0202206
38.9563159,-77.0202337
38.9563191,-77.0201299
38.9561077,-77.0201232
38.9560009,-77.0201178
leisure_type: fitness_centre
