     
nature id: 27726861
51.4847219,-3.1545696
51.4847111,-3.1546125
51.4847540,-3.1547176
51.4848565,-3.1548293
51.4849226,-3.1549005
51.4849879,-3.1547523
51.4849781,-3.1547405
51.4852318,-3.1544647
51.4851100,-3.1541600
51.4847219,-3.1545696
nature_type: grassland
     
nature id: 222051410
51.4834260,-3.1815411
51.4833398,-3.1815058
51.4833949,-3.1811698
51.4834346,-3.1809338
51.4834746,-3.1807184
51.4835223,-3.1804228
51.4835916,-3.1805133
51.4835176,-3.1810000
51.4834929,-3.1811479
51.4834550,-3.1813748
51.4834260,-3.1815411
nature_type: water
     
nature id: 235990270
51.4838023,-3.1782472
51.4838064,-3.1783211
51.4840534,-3.1783396
51.4841365,-3.1783177
51.4841596,-3.1775969
51.4841491,-3.1767883
51.4841270,-3.1759037
51.4841060,-3.1757433
51.4840272,-3.1754817
51.4838842,-3.1753922
51.4838274,-3.1759965
51.4837896,-3.1768136
51.4837675,-3.1777809
51.4837654,-3.1781610
51.4838839,-3.1781601
51.4839416,-3.1781612
51.4839612,-3.1781849
51.4839417,-3.1782343
51.4838023,-3.1782472
nature_type: wood
     
nature id: 259661827
51.4853658,-3.1743675
51.4853366,-3.1744319
51.4852990,-3.1744694
51.4852489,-3.1745016
51.4851988,-3.1745056
51.4851571,-3.1745097
51.4851111,-3.1744976
51.4850786,-3.1744801
51.4850652,-3.1744278
51.4850794,-3.1743662
51.4851070,-3.1743514
51.4851362,-3.1743514
51.4851704,-3.1743206
51.4852088,-3.1743018
51.4852473,-3.1743179
51.4852815,-3.1743058
51.4852982,-3.1742428
51.4852531,-3.1741328
51.4852481,-3.1740872
51.4852189,-3.1740550
51.4851938,-3.1739813
51.4851395,-3.1739357
51.4851178,-3.1738619
51.4851303,-3.1738230
51.4851729,-3.1737989
51.4852264,-3.1738096
51.4852506,-3.1738471
51.4852873,-3.1738874
51.4853057,-3.1739450
51.4853450,-3.1740081
51.4853750,-3.1740859
51.4853901,-3.1741864
51.4853901,-3.1742683
51.4853658,-3.1743675
nature_type: wood
     
nature id: 259661828
51.4847629,-3.1740175
51.4847896,-3.1740389
51.4848339,-3.1740698
51.4848564,-3.1741140
51.4848748,-3.1741704
51.4849015,-3.1742522
51.4849074,-3.1743018
51.4849048,-3.1743568
51.4848806,-3.1743822
51.4848414,-3.1743635
51.4848021,-3.1742803
51.4847629,-3.1742186
51.4847328,-3.1741958
51.4847119,-3.1741328
51.4846936,-3.1740403
51.4846794,-3.1739397
51.4846652,-3.1738981
51.4846660,-3.1738337
51.4846927,-3.1737761
51.4847245,-3.1737519
51.4847796,-3.1737452
51.4848456,-3.1737130
51.4848948,-3.1736983
51.4849575,-3.1736889
51.4850209,-3.1737130
51.4850694,-3.1737653
51.4850710,-3.1738163
51.4850460,-3.1738565
51.4850067,-3.1738834
51.4849808,-3.1738820
51.4849357,-3.1738713
51.4848631,-3.1738659
51.4848172,-3.1739008
51.4847796,-3.1739544
51.4847645,-3.1739866
51.4847629,-3.1740175
nature_type: wood
     
nature id: 312797151
51.4873975,-3.1777662
51.4873507,-3.1776804
51.4872973,-3.1776482
51.4872133,-3.1775484
51.4870795,-3.1774648
51.4866225,-3.1785065
51.4865424,-3.1787532
51.4864605,-3.1788011
51.4863870,-3.1787689
51.4863102,-3.1788869
51.4866334,-3.1793560
51.4869272,-3.1797190
51.4870167,-3.1796598
51.4870568,-3.1796062
51.4869967,-3.1795043
51.4869065,-3.1794613
51.4868497,-3.1793755
51.4868029,-3.1793219
51.4868764,-3.1792575
51.4869399,-3.1792253
51.4869532,-3.1791019
51.4868964,-3.1790054
51.4868129,-3.1789785
51.4868430,-3.1788498
51.4868397,-3.1787747
51.4869165,-3.1786835
51.4869733,-3.1786245
51.4870100,-3.1784528
51.4870935,-3.1783616
51.4872071,-3.1780988
51.4872372,-3.1780290
51.4872923,-3.1779137
51.4873374,-3.1778896
51.4873975,-3.1777662
nature_type: wood
     
nature id: 312797806
51.4876205,-3.1801708
51.4875837,-3.1800903
51.4875770,-3.1799938
51.4876205,-3.1799187
51.4876572,-3.1799079
51.4877073,-3.1799455
51.4877340,-3.1799991
51.4877374,-3.1800957
51.4877006,-3.1801761
51.4876205,-3.1801708
nature_type: wood
     
nature id: 313067472
51.4876205,-3.1801708
51.4875737,-3.1802191
51.4876505,-3.1803478
51.4877407,-3.1803907
51.4877975,-3.1804068
51.4878443,-3.1803639
51.4878743,-3.1802888
51.4879144,-3.1802405
51.4879745,-3.1803103
51.4878176,-3.1806697
51.4877641,-3.1806482
51.4876839,-3.1805838
51.4876505,-3.1805463
51.4875570,-3.1804229
51.4875603,-3.1803478
51.4875303,-3.1802834
51.4874768,-3.1802459
51.4875336,-3.1801493
51.4876205,-3.1801708
nature_type: wood
     
nature id: 366882762
51.4900643,-3.1787387
51.4899874,-3.1788245
51.4899607,-3.1788782
51.4899290,-3.1789264
51.4898839,-3.1789586
51.4899407,-3.1790391
51.4899757,-3.1789908
51.4900075,-3.1789881
51.4900309,-3.1790150
51.4900292,-3.1790606
51.4901127,-3.1790766
51.4901327,-3.1789801
51.4901478,-3.1788621
51.4901528,-3.1788165
51.4901478,-3.1787575
51.4901311,-3.1787333
51.4901027,-3.1787172
51.4900643,-3.1787387
nature_type: wood
     
nature id: 366882764
51.4900476,-3.1796480
51.4900192,-3.1796614
51.4899657,-3.1796721
51.4899173,-3.1796399
51.4899056,-3.1795916
51.4898973,-3.1795407
51.4898789,-3.1794763
51.4898488,-3.1794253
51.4898037,-3.1793931
51.4897653,-3.1793663
51.4897419,-3.1792966
51.4897286,-3.1792161
51.4897403,-3.1791222
51.4897753,-3.1790471
51.4898421,-3.1789908
51.4898839,-3.1789586
51.4899407,-3.1790391
51.4899140,-3.1791330
51.4898922,-3.1791947
51.4898906,-3.1792510
51.4899073,-3.1793234
51.4899273,-3.1793556
51.4899590,-3.1793771
51.4899841,-3.1793583
51.4900008,-3.1793127
51.4899991,-3.1792349
51.4900008,-3.1791598
51.4900292,-3.1790606
51.4901127,-3.1790766
51.4900943,-3.1792537
51.4900876,-3.1793663
51.4900760,-3.1794495
51.4900659,-3.1795487
51.4900476,-3.1796480
nature_type: wood
     
nature id: 366882765
51.4881501,-3.1764029
51.4889862,-3.1752542
51.4890635,-3.1755204
51.4882667,-3.1766315
51.4881501,-3.1764029
nature_type: wood
     
nature id: 366882766
51.4894920,-3.1766865
51.4887909,-3.1775931
51.4886698,-3.1773543
51.4893673,-3.1764297
51.4894920,-3.1766865
nature_type: wood
     
nature id: 433380191
51.4756008,-3.1420792
51.4753235,-3.1418674
51.4749459,-3.1416823
51.4748323,-3.1416447
51.4748099,-3.1416951
51.4744853,-3.1416121
51.4744216,-3.1416173
51.4743893,-3.1416355
51.4739228,-3.1416519
51.4738942,-3.1430891
51.4738627,-3.1431321
51.4734527,-3.1428739
51.4732951,-3.1433675
51.4732178,-3.1437750
51.4731449,-3.1436832
51.4730915,-3.1435491
51.4730347,-3.1432809
51.4730046,-3.1430931
51.4729653,-3.1429687
51.4729077,-3.1428571
51.4728175,-3.1427444
51.4727628,-3.1426984
51.4726705,-3.1426640
51.4725000,-3.1426479
51.4723831,-3.1426747
51.4722561,-3.1427122
51.4721793,-3.1427122
51.4720991,-3.1426747
51.4720423,-3.1425942
51.4719875,-3.1424733
51.4719742,-3.1424107
51.4723898,-3.1421275
51.4725569,-3.1420256
51.4728375,-3.1418647
51.4731082,-3.1417145
51.4732686,-3.1416286
51.4733621,-3.1415857
51.4736060,-3.1415321
51.4740538,-3.1414623
51.4742810,-3.1414302
51.4744681,-3.1414194
51.4745884,-3.1414409
51.4748490,-3.1415160
51.4749276,-3.1415422
51.4750495,-3.1415911
51.4751999,-3.1416662
51.4752166,-3.1415696
51.4749145,-3.1414425
51.4746853,-3.1413497
51.4745483,-3.1413014
51.4744481,-3.1412799
51.4743445,-3.1412853
51.4740638,-3.1413229
51.4733454,-3.1414570
51.4732686,-3.1414838
51.4731917,-3.1415160
51.4730915,-3.1415696
51.4728609,-3.1417145
51.4724967,-3.1419612
51.4729745,-3.1415374
51.4730982,-3.1414409
51.4732318,-3.1413497
51.4733454,-3.1412853
51.4735025,-3.1412156
51.4735860,-3.1411834
51.4738065,-3.1411137
51.4740638,-3.1410439
51.4741908,-3.1410278
51.4743211,-3.1410386
51.4744547,-3.1410761
51.4746151,-3.1411297
51.4747421,-3.1411888
51.4748925,-3.1412746
51.4750829,-3.1413926
51.4752232,-3.1414892
51.4753803,-3.1416179
51.4756476,-3.1418593
51.4762857,-3.1424494
51.4772313,-3.1432701
51.4775520,-3.1435062
51.4777157,-3.1436618
51.4778661,-3.1438388
51.4781300,-3.1441606
51.4783672,-3.1444771
51.4775387,-3.1436832
51.4769473,-3.1432433
51.4768270,-3.1431468
51.4758948,-3.1423153
51.4756008,-3.1420792
nature_type: scrub
     
nature id: 608311149
51.4837583,-3.1445957
51.4837055,-3.1444579
51.4835603,-3.1444367
51.4834218,-3.1449241
51.4821661,-3.1446188
51.4818025,-3.1445716
51.4817699,-3.1450478
51.4821152,-3.1451285
51.4825756,-3.1451985
51.4836534,-3.1453623
51.4846815,-3.1455741
51.4860303,-3.1458610
51.4860469,-3.1455712
51.4843737,-3.1451076
51.4840729,-3.1448849
51.4839845,-3.1446295
51.4837583,-3.1445957
nature_type: wood
     
nature id: 608311151
51.4837933,-3.1437840
51.4837487,-3.1439531
51.4835503,-3.1439661
51.4835057,-3.1438165
51.4835786,-3.1436083
51.4837042,-3.1436409
51.4837933,-3.1437840
nature_type: wood
     
nature id: 608351362
51.4817516,-3.1452570
51.4817418,-3.1455855
51.4847064,-3.1460938
51.4859579,-3.1463289
51.4860017,-3.1460042
51.4826487,-3.1454120
51.4817516,-3.1452570
nature_type: wood
     
nature id: 629805177
51.4890710,-3.1480342
51.4891897,-3.1481597
51.4905975,-3.1464699
51.4912038,-3.1456786
51.4915127,-3.1453890
51.4918935,-3.1448793
51.4923227,-3.1443939
51.4929022,-3.1436938
51.4928387,-3.1434846
51.4925164,-3.1437743
51.4923244,-3.1439781
51.4920321,-3.1443188
51.4917482,-3.1446782
51.4913975,-3.1450993
51.4911119,-3.1454051
51.4908548,-3.1456049
51.4902899,-3.1465060
51.4890710,-3.1480342
nature_type: wood
     
nature id: 679416727
51.4899139,-3.1780459
51.4899278,-3.1780202
51.4899463,-3.1780035
51.4899673,-3.1779979
51.4899882,-3.1780041
51.4900065,-3.1780213
51.4900202,-3.1780474
51.4900275,-3.1780795
51.4900279,-3.1781108
51.4900222,-3.1781407
51.4900109,-3.1781662
51.4899953,-3.1781849
51.4899768,-3.1781948
51.4899573,-3.1781950
51.4899388,-3.1781854
51.4899230,-3.1781670
51.4899116,-3.1781417
51.4899057,-3.1781119
51.4899062,-3.1780778
51.4899139,-3.1780459
nature_type: wood
     
nature id: 679416730
51.4897504,-3.1782676
51.4897643,-3.1782418
51.4897828,-3.1782252
51.4898038,-3.1782196
51.4898247,-3.1782258
51.4898430,-3.1782430
51.4898567,-3.1782691
51.4898640,-3.1783012
51.4898644,-3.1783324
51.4898587,-3.1783624
51.4898474,-3.1783879
51.4898318,-3.1784066
51.4898133,-3.1784165
51.4897939,-3.1784167
51.4897753,-3.1784071
51.4897596,-3.1783887
51.4897481,-3.1783634
51.4897422,-3.1783336
51.4897427,-3.1782994
51.4897504,-3.1782676
nature_type: wood
     
nature id: 679416731
51.4867961,-3.1732781
51.4867202,-3.1731765
51.4865708,-3.1730890
51.4865012,-3.1731195
51.4864024,-3.1735037
51.4865480,-3.1737700
51.4867126,-3.1739001
51.4868784,-3.1742985
51.4870480,-3.1746441
51.4871189,-3.1748291
51.4873303,-3.1751950
51.4875720,-3.1756076
51.4876821,-3.1756869
51.4876935,-3.1755243
51.4876948,-3.1753698
51.4876226,-3.1752315
51.4875328,-3.1750852
51.4874265,-3.1748270
51.4873682,-3.1747376
51.4872547,-3.1745637
51.4871480,-3.1744002
51.4870948,-3.1741440
51.4868885,-3.1738147
51.4867746,-3.1736501
51.4867581,-3.1734915
51.4867505,-3.1734427
51.4867961,-3.1732781
nature_type: wood
     
nature id: 679416734
51.4873467,-3.1739537
51.4872766,-3.1740301
51.4872327,-3.1739262
51.4871781,-3.1739858
51.4871234,-3.1738550
51.4869905,-3.1737078
51.4870313,-3.1736132
51.4871407,-3.1736301
51.4871742,-3.1736779
51.4872644,-3.1737226
51.4872683,-3.1738705
51.4873037,-3.1738520
51.4873467,-3.1739537
nature_type: wood
     
nature id: 679416736
51.4881355,-3.1731995
51.4881495,-3.1731738
51.4881680,-3.1731571
51.4881890,-3.1731515
51.4882099,-3.1731577
51.4882282,-3.1731749
51.4882419,-3.1732010
51.4882492,-3.1732331
51.4882495,-3.1732644
51.4882438,-3.1732943
51.4882326,-3.1733198
51.4882170,-3.1733385
51.4881985,-3.1733484
51.4881790,-3.1733486
51.4881605,-3.1733390
51.4881447,-3.1733206
51.4881333,-3.1732953
51.4881274,-3.1732655
51.4881279,-3.1732314
51.4881355,-3.1731995
nature_type: wood
     
nature id: 679416738
51.4892286,-3.1746665
51.4892425,-3.1746408
51.4892611,-3.1746241
51.4892820,-3.1746185
51.4893029,-3.1746247
51.4893213,-3.1746419
51.4893349,-3.1746680
51.4893422,-3.1747001
51.4893426,-3.1747314
51.4893369,-3.1747613
51.4893257,-3.1747868
51.4893100,-3.1748055
51.4892916,-3.1748154
51.4892721,-3.1748156
51.4892535,-3.1748060
51.4892378,-3.1747876
51.4892264,-3.1747623
51.4892205,-3.1747325
51.4892209,-3.1746984
51.4892286,-3.1746665
nature_type: wood
     
nature id: 679416740
51.4896014,-3.1718824
51.4896167,-3.1718805
51.4896316,-3.1718865
51.4896445,-3.1718999
51.4896541,-3.1719192
51.4896593,-3.1719423
51.4896596,-3.1719670
51.4896550,-3.1719905
51.4896460,-3.1720104
51.4896330,-3.1720250
51.4896177,-3.1720319
51.4896019,-3.1720303
51.4895873,-3.1720204
51.4895755,-3.1720033
51.4895679,-3.1719809
51.4895654,-3.1719558
51.4895681,-3.1719307
51.4895759,-3.1719085
51.4895873,-3.1718921
51.4896014,-3.1718824
nature_type: wood
     
nature id: 679416742
51.4897546,-3.1719717
51.4897699,-3.1719698
51.4897848,-3.1719758
51.4897977,-3.1719892
51.4898072,-3.1720084
51.4898124,-3.1720316
51.4898128,-3.1720562
51.4898082,-3.1720798
51.4897992,-3.1720997
51.4897862,-3.1721143
51.4897709,-3.1721212
51.4897551,-3.1721196
51.4897405,-3.1721097
51.4897287,-3.1720926
51.4897211,-3.1720702
51.4897186,-3.1720451
51.4897213,-3.1720200
51.4897291,-3.1719978
51.4897405,-3.1719814
51.4897546,-3.1719717
nature_type: wood
     
nature id: 679416744
51.4897584,-3.1717437
51.4897737,-3.1717418
51.4897886,-3.1717478
51.4898015,-3.1717612
51.4898111,-3.1717804
51.4898163,-3.1718036
51.4898166,-3.1718282
51.4898120,-3.1718518
51.4898030,-3.1718717
51.4897900,-3.1718863
51.4897747,-3.1718932
51.4897589,-3.1718916
51.4897443,-3.1718817
51.4897326,-3.1718646
51.4897250,-3.1718422
51.4897224,-3.1718171
51.4897251,-3.1717920
51.4897329,-3.1717698
51.4897443,-3.1717534
51.4897584,-3.1717437
nature_type: wood
     
nature id: 679416747
51.4901172,-3.1720996
51.4901325,-3.1720976
51.4901474,-3.1721037
51.4901603,-3.1721170
51.4901698,-3.1721363
51.4901750,-3.1721595
51.4901754,-3.1721841
51.4901708,-3.1722076
51.4901617,-3.1722275
51.4901487,-3.1722421
51.4901335,-3.1722490
51.4901177,-3.1722474
51.4901031,-3.1722375
51.4900913,-3.1722204
51.4900837,-3.1721981
51.4900811,-3.1721730
51.4900839,-3.1721479
51.4900916,-3.1721257
51.4901031,-3.1721092
51.4901172,-3.1720996
nature_type: wood
     
nature id: 679416750
51.4899695,-3.1718192
51.4899848,-3.1718173
51.4899996,-3.1718233
51.4900125,-3.1718366
51.4900221,-3.1718559
51.4900273,-3.1718791
51.4900276,-3.1719037
51.4900231,-3.1719272
51.4900140,-3.1719472
51.4900010,-3.1719618
51.4899858,-3.1719686
51.4899699,-3.1719670
51.4899553,-3.1719572
51.4899436,-3.1719401
51.4899360,-3.1719177
51.4899334,-3.1718926
51.4899362,-3.1718675
51.4899439,-3.1718453
51.4899554,-3.1718289
51.4899695,-3.1718192
nature_type: wood
     
nature id: 679416752
51.4900999,-3.1718639
51.4901152,-3.1718619
51.4901301,-3.1718680
51.4901430,-3.1718813
51.4901525,-3.1719006
51.4901578,-3.1719238
51.4901581,-3.1719484
51.4901535,-3.1719719
51.4901445,-3.1719918
51.4901315,-3.1720064
51.4901162,-3.1720133
51.4901004,-3.1720117
51.4900858,-3.1720018
51.4900740,-3.1719847
51.4900664,-3.1719624
51.4900639,-3.1719373
51.4900666,-3.1719122
51.4900744,-3.1718900
51.4900858,-3.1718735
51.4900999,-3.1718639
nature_type: wood
     
nature id: 679416755
51.4907902,-3.1724376
51.4906695,-3.1723769
51.4904660,-3.1723676
51.4903962,-3.1722742
51.4904514,-3.1721714
51.4905925,-3.1722275
51.4906739,-3.1722485
51.4908251,-3.1722999
51.4908592,-3.1723442
51.4908498,-3.1724073
51.4908302,-3.1724435
51.4907902,-3.1724376
nature_type: wood
     
nature id: 679416758
51.4918776,-3.1724791
51.4918920,-3.1724524
51.4919110,-3.1724345
51.4919326,-3.1724274
51.4919545,-3.1724318
51.4919743,-3.1724473
51.4919900,-3.1724722
51.4919999,-3.1725039
51.4920029,-3.1725389
51.4919986,-3.1725746
51.4919871,-3.1726060
51.4919699,-3.1726295
51.4919488,-3.1726426
51.4919262,-3.1726439
51.4919046,-3.1726331
51.4918864,-3.1726114
51.4918737,-3.1725814
51.4918679,-3.1725472
51.4918692,-3.1725119
51.4918776,-3.1724791
nature_type: wood
     
nature id: 679416760
51.4910468,-3.1710361
51.4910393,-3.1710991
51.4909984,-3.1711434
51.4909792,-3.1712306
51.4909166,-3.1712064
51.4908640,-3.1711367
51.4909174,-3.1710066
51.4909800,-3.1709905
51.4910468,-3.1710361
nature_type: wood
     
nature id: 679416761
51.4907178,-3.1710173
51.4906527,-3.1711595
51.4906201,-3.1710804
51.4906193,-3.1709650
51.4906945,-3.1709248
51.4907178,-3.1710173
nature_type: wood
     
nature id: 679417039
51.4895596,-3.1759590
51.4895733,-3.1759419
51.4895897,-3.1759333
51.4896070,-3.1759343
51.4896230,-3.1759447
51.4896359,-3.1759633
51.4896440,-3.1759878
51.4896464,-3.1760153
51.4896429,-3.1760425
51.4896350,-3.1760638
51.4896234,-3.1760802
51.4896092,-3.1760901
51.4895939,-3.1760926
51.4895788,-3.1760875
51.4895654,-3.1760751
51.4895550,-3.1760568
51.4895486,-3.1760342
51.4895468,-3.1760096
51.4895504,-3.1759825
51.4895596,-3.1759590
nature_type: wood
     
nature id: 679417040
51.4901243,-3.1766889
51.4900284,-3.1768559
51.4899339,-3.1767964
51.4899331,-3.1766726
51.4900262,-3.1765944
51.4900785,-3.1765640
51.4901243,-3.1766889
nature_type: wood
     
nature id: 679417041
51.4902534,-3.1798322
51.4902656,-3.1798159
51.4902805,-3.1798065
51.4902964,-3.1798050
51.4903117,-3.1798116
51.4903251,-3.1798257
51.4903350,-3.1798457
51.4903405,-3.1798697
51.4903411,-3.1798952
51.4903360,-3.1799219
51.4903255,-3.1799441
51.4903110,-3.1799594
51.4902941,-3.1799658
51.4902768,-3.1799625
51.4902613,-3.1799500
51.4902494,-3.1799298
51.4902424,-3.1799042
51.4902412,-3.1798787
51.4902450,-3.1798539
51.4902534,-3.1798322
nature_type: wood
     
nature id: 679417042
51.4905169,-3.1807411
51.4903954,-3.1807391
51.4903258,-3.1806842
51.4903106,-3.1806191
51.4902524,-3.1806252
51.4902157,-3.1805622
51.4902688,-3.1803630
51.4902258,-3.1802776
51.4903133,-3.1802505
51.4904753,-3.1803083
51.4904827,-3.1803833
51.4904321,-3.1804524
51.4903891,-3.1804809
51.4904258,-3.1805520
51.4904719,-3.1805692
51.4905233,-3.1807101
51.4905169,-3.1807411
nature_type: wood
     
nature id: 679417043
51.4919797,-3.1803419
51.4920117,-3.1805100
51.4920117,-3.1805637
51.4920481,-3.1806384
51.4920568,-3.1807505
51.4920059,-3.1808042
51.4919521,-3.1808065
51.4919245,-3.1806664
51.4919274,-3.1805427
51.4918722,-3.1804423
51.4919158,-3.1803209
51.4919797,-3.1803419
nature_type: wood
     
nature id: 679518277
51.4831785,-3.1652977
51.4831190,-3.1652207
51.4831152,-3.1651467
51.4830500,-3.1651251
51.4830116,-3.1650943
51.4830112,-3.1649956
51.4829026,-3.1648479
51.4827270,-3.1651810
51.4828356,-3.1653287
51.4829063,-3.1651946
51.4830020,-3.1652761
51.4830327,-3.1655103
51.4831010,-3.1655084
51.4831000,-3.1657160
51.4830140,-3.1657003
51.4829605,-3.1656315
51.4826102,-3.1650234
51.4826700,-3.1649156
51.4827295,-3.1648047
51.4828677,-3.1646784
51.4829579,-3.1646753
51.4830538,-3.1648540
51.4831497,-3.1649341
51.4832572,-3.1650358
51.4832955,-3.1651375
51.4833197,-3.1653227
51.4831001,-3.1657154
51.4831018,-3.1654856
51.4831785,-3.1652977
nature_type: wood
