51.5203633,-0.1303291
51.5239463,-0.1209539
51.5234897,-0.1149117
51.5229923,-0.1144836
51.5215087,-0.1133106
51.5202454,-0.1125015
51.5181712,-0.1113596
51.5230150,-0.1366251
51.5188864,-0.1369442
51.5195849,-0.1377132
51.5200969,-0.1364360
51.5193831,-0.1356907
51.5201219,-0.1338055
51.5162463,-0.1328665
51.5156469,-0.1324402
51.5154946,-0.1330253
51.5151306,-0.1327802
51.5147635,-0.1325130
51.5148198,-0.1322900
51.5178600,-0.1402674
51.5191467,-0.1393744
51.5194748,-0.1398101
51.5191389,-0.1408626
51.5202242,-0.1384011
51.5208299,-0.1391027
51.5127888,-0.1144666
51.5129232,-0.1136998
51.5124406,-0.1157494
51.5132810,-0.1290796
51.5122405,-0.1298183
51.5127816,-0.1299310
51.5124727,-0.1306862
51.5121964,-0.1314662
51.5152865,-0.1300895
51.5164132,-0.1303768
51.5162721,-0.1244536
51.5172868,-0.1224044
51.5176220,-0.1203947
51.5169129,-0.1268946
51.5182239,-0.1227975
51.5195906,-0.1229193
51.5194060,-0.1233550
51.5191826,-0.1238394
51.5189418,-0.1244106
51.5205708,-0.1263434
51.5196837,-0.1295925
51.5200794,-0.1286719
51.5207567,-0.1294315
51.5189924,-0.1312083
51.5189481,-0.1287980
51.5182278,-0.1261146
51.5177982,-0.1276187
51.5199122,-0.1193925
51.5203943,-0.1176259
51.5226088,-0.1234274
51.5220082,-0.1230426
51.5209401,-0.1221190
51.5198922,-0.1221690
51.5214846,-0.1241233
51.5221573,-0.1249607
51.5237743,-0.1268705
51.5238819,-0.1297082
51.5234645,-0.1307109
51.5223638,-0.1268737
51.5219019,-0.1278330
51.5231377,-0.1291526
51.5222689,-0.1283963
51.5228307,-0.1293487
51.5227850,-0.1317170
51.5239319,-0.1342379
51.5245734,-0.1349287
51.5209576,-0.1268219
51.5214017,-0.1301587
51.5235442,-0.1352780
51.5209675,-0.1324853
51.5201055,-0.1309273
51.5211556,-0.1320512
51.5213964,-0.1314933
51.5224433,-0.1326216
51.5222132,-0.1331938
51.5236995,-0.1372409
51.5241777,-0.1359652
51.5214392,-0.1351623
51.5208410,-0.1345358
51.5234407,-0.1398771
51.5156128,-0.1393138
51.5131204,-0.1407061
51.5159337,-0.1358688
51.5138807,-0.1282829
51.5121078,-0.1382034
51.5130185,-0.1376622
51.5134685,-0.1362610
51.5207092,-0.1165167
51.5190565,-0.1209862
51.5120546,-0.1189505
51.5129401,-0.1181008
51.5141677,-0.1179995
51.5177057,-0.1191781
51.5179846,-0.1164696
51.5182573,-0.1138032
51.5213181,-0.1217289
51.5220761,-0.1195407
51.5243714,-0.1159159
51.5237120,-0.1222479
51.5222581,-0.1311239
51.5216568,-0.1127346
51.5232009,-0.1104414
51.5228541,-0.1166902
51.5241036,-0.1169838
51.5238311,-0.1181576
51.5126513,-0.1211916
51.5236190,-0.1122087
51.5238804,-0.1139430
51.5229752,-0.1131144
51.5226524,-0.1127865
51.5184705,-0.1347409
51.5214243,-0.1377745
51.5219950,-0.1109279
51.5166636,-0.1411994
51.5168999,-0.1398643
51.5161150,-0.1409667
51.5154803,-0.1406986
51.5149786,-0.1333557
51.5171097,-0.1353318
51.5230286,-0.1311421
51.5232362,-0.1382520
51.5226201,-0.1375751
51.5228178,-0.1391634
51.5222010,-0.1385569
51.5221736,-0.1407625
51.5224097,-0.1401799
51.5218731,-0.1367757
51.5216196,-0.1399083
51.5214447,-0.1398601
51.5224112,-0.1118571
51.5122030,-0.1179660
51.5146873,-0.1222068
51.5137124,-0.1200753
51.5172232,-0.1154272
51.5166192,-0.1186009
51.5158337,-0.1205489
51.5187578,-0.1194746
51.5192007,-0.1180577
51.5118140,-0.1323773
51.5124696,-0.1331364
51.5140939,-0.1344381
51.5122307,-0.1336503
51.5127882,-0.1341710
51.5138581,-0.1351405
51.5137376,-0.1325297
51.5129220,-0.1319520
51.5132242,-0.1311835
51.5134797,-0.1304698
51.5125947,-0.1271411
51.5132606,-0.1240755
51.5129287,-0.1271565
51.5167429,-0.1373585
51.5170133,-0.1359039
51.5172927,-0.1378773
51.5153055,-0.1354060
51.5148315,-0.1371919
51.5158650,-0.1368231
51.5157310,-0.1376513
51.5186144,-0.1376571
51.5180469,-0.1391714
51.5160700,-0.1346501
51.5146784,-0.1358204
51.5149112,-0.1350854
51.5163986,-0.1396608
51.5170860,-0.1307776
51.5187667,-0.1324378
51.5198182,-0.1345830
51.5205330,-0.1353561
51.5211862,-0.1360879
51.5142380,-0.1393883
51.5140159,-0.1402203
51.5136756,-0.1412668
51.5161077,-0.1120232
51.5170109,-0.1128020
51.5152552,-0.1115215
51.5123941,-0.1198716
51.5151842,-0.1269339
51.5191580,-0.1197585
51.5195482,-0.1183398
51.5221843,-0.1144785
51.5228349,-0.1150208
51.5244146,-0.1109506
51.5226395,-0.1142153
51.5218175,-0.1129932
51.5217316,-0.1134645
51.5217766,-0.1171029
51.5184051,-0.1189092
51.5189013,-0.1168804
51.5189795,-0.1187480
51.5185247,-0.1184183
51.5220614,-0.1171496
51.5220121,-0.1106847
51.5207708,-0.1232431
51.5211382,-0.1215687
51.5211582,-0.1223146
51.5226170,-0.1174698
51.5203075,-0.1340055
51.5192314,-0.1328953
51.5228137,-0.1257866
51.5234981,-0.1196374
51.5223634,-0.1187753
51.5218370,-0.1184562
51.5213368,-0.1138701
51.5208452,-0.1201807
51.5224214,-0.1242913
51.5230764,-0.1249831
51.5241207,-0.1258053
51.5219310,-0.1161210
51.5239330,-0.1177060
51.5228731,-0.1169032
51.5165933,-0.1289161
51.5153605,-0.1231981
51.5193924,-0.1190290
51.5222929,-0.1225991
51.5221355,-0.1231459
51.5220351,-0.1336696
51.5179251,-0.1257703
51.5184879,-0.1243933
51.5202355,-0.1175414
51.5218476,-0.1165517
51.5232628,-0.1241477
51.5182485,-0.1304367
51.5185576,-0.1283787
51.5178500,-0.1300670
51.5185414,-0.1322033
51.5187323,-0.1317427
51.5176222,-0.1306738
51.5173455,-0.1296518
51.5220232,-0.1102586
51.5227797,-0.1227388
51.5190466,-0.1155474
51.5226452,-0.1117270
51.5234118,-0.1113254
51.5226066,-0.1103657
51.5231041,-0.1099540
51.5233936,-0.1099816
51.5185242,-0.1405756
51.5193152,-0.1401127
51.5204797,-0.1406800
51.5211705,-0.1409729
51.5205912,-0.1400608
51.5196350,-0.1395079
51.5230531,-0.1408525
51.5150678,-0.1313617
51.5142540,-0.1278038
51.5132922,-0.1263614
51.5170477,-0.1258407
51.5168435,-0.1187904
51.5175425,-0.1156240
51.5146167,-0.1147208
51.5171976,-0.1143596
51.5148091,-0.1138536
51.5193536,-0.1105364
51.5181342,-0.1106341
51.5145775,-0.1112817
51.5143226,-0.1104860
51.5170027,-0.1135231
51.5171989,-0.1129990
51.5151411,-0.1122514
51.5140174,-0.1117573
51.5137308,-0.1115864
51.5156784,-0.1125563
51.5158817,-0.1126797
51.5137181,-0.1167035
51.5166609,-0.1197187
51.5171213,-0.1200421
51.5172065,-0.1191539
51.5138574,-0.1294521
51.5140093,-0.1317206
51.5145782,-0.1312216
51.5147637,-0.1303598
51.5160966,-0.1312572
51.5134793,-0.1296149
51.5156257,-0.1309507
51.5148654,-0.1298854
51.5132942,-0.1329745
51.5134749,-0.1294408
51.5157625,-0.1290374
51.5155971,-0.1284294
51.5155689,-0.1279044
51.5155741,-0.1274219
51.5154890,-0.1289488
51.5156000,-0.1286889
51.5174796,-0.1262240
51.5177418,-0.1255735
51.5148179,-0.1339785
51.5119728,-0.1312810
51.5121687,-0.1300318
51.5141094,-0.1336166
51.5125844,-0.1317213
51.5128699,-0.1309673
51.5134667,-0.1291897
51.5125860,-0.1303944
51.5119510,-0.1295368
51.5161312,-0.1340480
51.5164685,-0.1296463
51.5156901,-0.1266742
51.5150428,-0.1299610
51.5172613,-0.1250452
51.5138611,-0.1394619
51.5138004,-0.1394503
51.5137016,-0.1394579
51.5134628,-0.1391495
51.5131090,-0.1387747
51.5133329,-0.1390071
51.5154495,-0.1392228
51.5150941,-0.1390064
51.5154249,-0.1349677
51.5155880,-0.1343944
51.5150550,-0.1341225
51.5144698,-0.1385631
51.5148179,-0.1400451
51.5135420,-0.1359177
51.5136676,-0.1355326
51.5143631,-0.1368698
51.5231941,-0.1342557
51.5148612,-0.1217461
51.5145776,-0.1202961
51.5145602,-0.1192135
51.5170905,-0.1279102
51.5165075,-0.1294551
51.5167927,-0.1275886
51.5176238,-0.1284127
51.5173144,-0.1272462
51.5165546,-0.1272374
51.5166393,-0.1266652
51.5124813,-0.1159902
51.5128305,-0.1161189
51.5131246,-0.1133298
51.5135870,-0.1115193
51.5162644,-0.1326418
51.5166644,-0.1325303
51.5171426,-0.1317015
51.5158209,-0.1238188
51.5146406,-0.1206541
51.5157155,-0.1190897
51.5161815,-0.1209735
51.5173904,-0.1218496
51.5149787,-0.1226154
51.5165310,-0.1213895
51.5154564,-0.1233384
51.5162435,-0.1219200
51.5151287,-0.1228490
51.5183139,-0.1242077
51.5188018,-0.1247317
51.5184612,-0.1238452
51.5210277,-0.1289512
51.5212169,-0.1285438
51.5215345,-0.1275294
51.5128101,-0.1208676
51.5122452,-0.1221231
51.5118250,-0.1198595
51.5233356,-0.1309628
51.5236470,-0.1302711
51.5238059,-0.1298900
51.5133364,-0.1191124
51.5135323,-0.1225104
51.5137818,-0.1222805
51.5138894,-0.1221964
51.5143692,-0.1216522
51.5132772,-0.1204523
51.5140695,-0.1227897
51.5204601,-0.1336491
51.5207553,-0.1329690
51.5194266,-0.1324780
51.5196692,-0.1319236
51.5180060,-0.1267345
51.5176279,-0.1263439
51.5179111,-0.1271056
51.5174708,-0.1267930
51.5124646,-0.1187192
51.5184393,-0.1222951
51.5174847,-0.1212578
51.5174540,-0.1233657
51.5176856,-0.1227708
51.5180605,-0.1231692
51.5180503,-0.1218720
51.5172898,-0.1232071
51.5205746,-0.1210600
51.5209893,-0.1192015
51.5201457,-0.1185996
51.5206514,-0.1211352
51.5204849,-0.1217041
51.5193845,-0.1181918
51.5196747,-0.1172364
51.5183182,-0.1192465
51.5209508,-0.1214018
51.5211291,-0.1208532
51.5117120,-0.1377750
51.5120148,-0.1370657
51.5124148,-0.1374826
51.5118479,-0.1349627
51.5133911,-0.1365329
51.5119972,-0.1384594
51.5127723,-0.1394587
51.5133290,-0.1401668
51.5135205,-0.1404167
51.5138453,-0.1407526
51.5129141,-0.1361578
51.5131106,-0.1355887
51.5123967,-0.1338288
51.5125964,-0.1333511
51.5122587,-0.1378479
51.5127084,-0.1383352
51.5126275,-0.1369615
51.5139318,-0.1384096
51.5122210,-0.1341851
51.5127736,-0.1365231
51.5226293,-0.1233399
51.5221924,-0.1230975
51.5232595,-0.1193012
51.5235621,-0.1193590
51.5232974,-0.1193277
51.5216068,-0.1208784
51.5210744,-0.1188635
51.5183258,-0.1384364
51.5192262,-0.1392250
51.5180299,-0.1342984
51.5186485,-0.1402551
51.5199079,-0.1380552
51.5139655,-0.1103928
51.5170389,-0.1128303
51.5172451,-0.1122027
51.5182810,-0.1129071
51.5177048,-0.1134752
51.5170022,-0.1109298
51.5170146,-0.1104350
51.5164796,-0.1111526
51.5163004,-0.1121640
51.5165277,-0.1104565
51.5168153,-0.1104445
51.5176768,-0.1111129
51.5181856,-0.1110240
51.5165488,-0.1100811
51.5158878,-0.1118744
51.5160255,-0.1109771
51.5127993,-0.1288244
51.5126797,-0.1271588
51.5173804,-0.1118459
51.5235239,-0.1113467
51.5143802,-0.1170921
51.5143271,-0.1168995
51.5144371,-0.1158590
51.5139966,-0.1111151
51.5176741,-0.1335178
51.5174502,-0.1332031
51.5179029,-0.1324616
51.5181391,-0.1318047
51.5189168,-0.1352038
51.5207285,-0.1370658
51.5191104,-0.1354059
51.5149257,-0.1319049
51.5141224,-0.1313575
51.5198325,-0.1361599
51.5202718,-0.1350765
51.5148023,-0.1350013
51.5142148,-0.1345379
51.5146470,-0.1331301
51.5142891,-0.1328865
51.5141847,-0.1354060
51.5132421,-0.1370545
51.5138414,-0.1389340
51.5136464,-0.1387422
51.5134964,-0.1385962
51.5132667,-0.1383770
51.5134078,-0.1379482
51.5146539,-0.1407797
51.5155094,-0.1404300
51.5218177,-0.1394712
51.5224884,-0.1411439
51.5139940,-0.1347984
51.5147917,-0.1354644
51.5181895,-0.1404194
51.5162459,-0.1402318
51.5155587,-0.1398676
51.5190641,-0.1153145
51.5191662,-0.1148057
51.5190633,-0.1151339
51.5181775,-0.1147225
51.5181037,-0.1154342
51.5188938,-0.1336861
51.5190169,-0.1157954
51.5198300,-0.1165254
51.5199410,-0.1160750
51.5182251,-0.1195984
51.5180558,-0.1205297
51.5177731,-0.1387032
51.5183282,-0.1396960
51.5189816,-0.1396562
51.5191427,-0.1362841
51.5186843,-0.1357833
51.5139675,-0.1251651
51.5145167,-0.1281325
51.5142197,-0.1285085
51.5144872,-0.1287007
51.5151599,-0.1287578
51.5149717,-0.1288041
51.5148769,-0.1289883
51.5141971,-0.1295961
51.5144949,-0.1297210
51.5159823,-0.1286530
51.5124377,-0.1404463
51.5127413,-0.1123930
51.5125927,-0.1127959
51.5123991,-0.1133075
51.5126128,-0.1252418
51.5123069,-0.1258314
51.5119527,-0.1253942
51.5122100,-0.1247987
51.5124746,-0.1243081
51.5135066,-0.1224261
51.5128031,-0.1237125
51.5132105,-0.1229734
51.5136230,-0.1235310
51.5131158,-0.1275677
51.5122616,-0.1230891
51.5117549,-0.1260303
51.5121489,-0.1262196
51.5128583,-0.1247861
51.5135557,-0.1257689
51.5125444,-0.1253768
51.5135637,-0.1281831
51.5195430,-0.1342892
51.5137938,-0.1251952
51.5146306,-0.1268704
51.5119745,-0.1140585
51.5233616,-0.1114243
51.5228666,-0.1190537
51.5218933,-0.1163305
51.5223093,-0.1139447
51.5126479,-0.1096992
51.5120227,-0.1334456
51.5134376,-0.1323185
51.5123195,-0.1329587
51.5129265,-0.1328180
51.5132304,-0.1321707
51.5158247,-0.1259847
51.5162859,-0.1263453
51.5159739,-0.1254008
51.5167508,-0.1260371
51.5158777,-0.1265575
51.5164210,-0.1263092
51.5126358,-0.1345762
51.5128962,-0.1348445
51.5124637,-0.1350495
51.5134097,-0.1353149
51.5135551,-0.1348905
51.5132664,-0.1338600
51.5139672,-0.1343351
51.5143180,-0.1342046
51.5127307,-0.1277196
51.5134770,-0.1273727
51.5164930,-0.1271734
51.5167885,-0.1247963
51.5144916,-0.1364393
51.5230864,-0.1385951
51.5169254,-0.1314992
51.5235457,-0.1385602
51.5238675,-0.1382170
51.5122252,-0.1106164
51.5124866,-0.1101572
51.5123154,-0.1101624
51.5135312,-0.1124974
51.5138155,-0.1110552
51.5230006,-0.1347324
51.5236699,-0.1224046
51.5237529,-0.1223437
51.5236279,-0.1222604
51.5205451,-0.1170248
51.5209175,-0.1179386
51.5215730,-0.1183013
51.5219350,-0.1177357
51.5216712,-0.1176504
51.5210447,-0.1173006
51.5179145,-0.1358668
51.5180276,-0.1353662
51.5190515,-0.1413515
51.5184345,-0.1410783
51.5212368,-0.1406534
51.5223742,-0.1412467
51.5220690,-0.1335860
51.5227735,-0.1318344
51.5230725,-0.1311832
51.5235024,-0.1307528
51.5239210,-0.1297554
51.5222447,-0.1359014
51.5182705,-0.1134849
51.5199771,-0.1132536
51.5200775,-0.1127342
51.5194835,-0.1124287
51.5193675,-0.1129391
51.5192442,-0.1146112
51.5191753,-0.1137049
51.5193420,-0.1129841
51.5208556,-0.1144860
51.5191792,-0.1136781
51.5145171,-0.1169030
51.5144123,-0.1161856
51.5145626,-0.1160948
51.5144729,-0.1169660
51.5142133,-0.1163002
51.5143322,-0.1173727
51.5212605,-0.1261481
51.5220667,-0.1259266
51.5219747,-0.1256101
51.5224559,-0.1256293
51.5225170,-0.1258937
51.5224249,-0.1263580
51.5220186,-0.1272555
51.5218023,-0.1274123
51.5208807,-0.1262442
51.5212724,-0.1253657
51.5215635,-0.1246940
51.5217407,-0.1248079
51.5217970,-0.1272118
51.5216572,-0.1273531
51.5215679,-0.1249395
51.5213657,-0.1249002
51.5216156,-0.1253443
51.5217228,-0.1266757
51.5225226,-0.1264787
51.5211132,-0.1250351
51.5211725,-0.1255517
51.5209249,-0.1155545
51.5212434,-0.1181181
51.5209873,-0.1139290
51.5178702,-0.1190605
51.5220562,-0.1185865
51.5126654,-0.1109882
51.5126202,-0.1112064
51.5123223,-0.1107998
51.5125182,-0.1101455
51.5127874,-0.1112846
51.5129654,-0.1103157
51.5131067,-0.1106613
51.5128152,-0.1119036
51.5129470,-0.1113649
51.5166666,-0.1378066
51.5158172,-0.1373151
51.5130033,-0.1179792
51.5147236,-0.1186063
51.5136280,-0.1177473
51.5239894,-0.1211214
51.5176910,-0.1189673
51.5171097,-0.1249763
51.5126553,-0.1150460
51.5119354,-0.1176979
51.5128351,-0.1162515
51.5209943,-0.1393094
51.5207504,-0.1392640
51.5195995,-0.1208533
51.5225142,-0.1300836
51.5187161,-0.1238350
51.5188644,-0.1235011
51.5237262,-0.1175713
51.5238260,-0.1219003
51.5239701,-0.1224000
51.5219694,-0.1390897
51.5212092,-0.1382804
51.5227919,-0.1371759
51.5220477,-0.1363786
51.5160189,-0.1149786
51.5165403,-0.1153234
51.5163074,-0.1162705
51.5161471,-0.1168749
51.5159196,-0.1177327
51.5153652,-0.1174352
51.5170052,-0.1155999
51.5167541,-0.1169350
51.5163989,-0.1166976
51.5164353,-0.1180946
51.5174804,-0.1176573
51.5171721,-0.1174991
51.5189738,-0.1161693
51.5191424,-0.1170014
51.5186620,-0.1185163
51.5195025,-0.1178662
51.5198089,-0.1149205
51.5179427,-0.1128333
51.5128687,-0.1116799
51.5125614,-0.1115108
51.5150331,-0.1127684
51.5168379,-0.1133955
51.5189538,-0.1335166
51.5207981,-0.1356428
51.5198216,-0.1371227
51.5191801,-0.1361983
51.5205961,-0.1333229
51.5195556,-0.1321839
51.5193132,-0.1328086
51.5188251,-0.1371109
51.5180196,-0.1380988
51.5169595,-0.1371493
51.5167990,-0.1370643
51.5173169,-0.1379165
51.5174391,-0.1376927
51.5203651,-0.1413120
51.5214004,-0.1399586
51.5212982,-0.1403201
51.5220523,-0.1397752
51.5221089,-0.1398328
51.5224818,-0.1411380
51.5225792,-0.1409366
51.5224750,-0.1401704
51.5228332,-0.1392459
51.5224363,-0.1380141
51.5223513,-0.1382104
51.5241347,-0.1212001
51.5240956,-0.1211808
51.5233211,-0.1369161
51.5186207,-0.1135196
51.5178617,-0.1130521
51.5184506,-0.1097651
51.5166156,-0.1150552
51.5188792,-0.1168667
51.5190573,-0.1143730
51.5160204,-0.1164442
51.5190854,-0.1128486
51.5188764,-0.1127636
51.5182834,-0.1127327
51.5186630,-0.1127309
51.5188364,-0.1116600
51.5177815,-0.1182357
51.5178207,-0.1177863
51.5151310,-0.1123080
51.5163091,-0.1131797
51.5166064,-0.1132349
51.5165044,-0.1138810
51.5159558,-0.1145538
51.5186804,-0.1105784
51.5121887,-0.1336065
51.5152630,-0.1322837
51.5153164,-0.1320988
51.5121022,-0.1205034
51.5145647,-0.1220370
51.5132068,-0.1241638
51.5156910,-0.1162164
51.5158371,-0.1180388
51.5168989,-0.1170238
51.5155329,-0.1161151
51.5240480,-0.1331798
51.5225780,-0.1322515
51.5205716,-0.1214048
51.5167573,-0.1406916
51.5162073,-0.1404670
51.5183857,-0.1346563
51.5121140,-0.1191511
51.5135112,-0.1236842
51.5140242,-0.1247213
51.5168046,-0.1328315
51.5190668,-0.1128398
51.5203591,-0.1125656
51.5203038,-0.1128683
51.5193007,-0.1141433
51.5164901,-0.1388464
51.5157092,-0.1383274
51.5229106,-0.1132425
51.5161653,-0.1337237
51.5153007,-0.1300965
51.5173890,-0.1224447
51.5131682,-0.1174642
51.5208513,-0.1148912
51.5207445,-0.1144325
51.5211190,-0.1139549
51.5192850,-0.1137291
51.5166974,-0.1124916
51.5167948,-0.1122110
51.5152372,-0.1241795
51.5152180,-0.1242274
51.5145865,-0.1253940
51.5143831,-0.1251537
51.5143234,-0.1259447
51.5139203,-0.1253959
51.5141734,-0.1257380
51.5136787,-0.1275004
51.5134722,-0.1270865
51.5137961,-0.1233948
51.5138042,-0.1231063
51.5152884,-0.1189761
51.5155377,-0.1191402
51.5163453,-0.1196821
51.5166292,-0.1198697
51.5176431,-0.1204035
51.5183257,-0.1208331
51.5172746,-0.1228730
51.5172161,-0.1228279
51.5170914,-0.1228778
51.5166878,-0.1282597
51.5155747,-0.1283265
51.5203318,-0.1127149
51.5212118,-0.1131136
51.5235429,-0.1307985
51.5230229,-0.1292474
51.5231232,-0.1292455
51.5236472,-0.1300694
51.5231587,-0.1291778
51.5237089,-0.1301230
51.5237509,-0.1301640
51.5238055,-0.1303408
51.5246898,-0.1313879
51.5244739,-0.1303879
51.5244190,-0.1305104
51.5242866,-0.1306418
51.5239907,-0.1309923
51.5128164,-0.1278583
51.5147054,-0.1288634
51.5126871,-0.1263254
51.5127143,-0.1262731
51.5169098,-0.1365059
51.5163738,-0.1396074
51.5232314,-0.1387478
51.5225248,-0.1355916
51.5222484,-0.1378056
51.5153337,-0.1322281
51.5153078,-0.1321349
51.5152481,-0.1321664
51.5137145,-0.1381855
51.5211928,-0.1114164
51.5220152,-0.1105757
51.5217913,-0.1106693
51.5142285,-0.1309923
51.5147009,-0.1283691
51.5148387,-0.1284296
51.5152157,-0.1280611
51.5203389,-0.1120214
51.5195786,-0.1100086
51.5221278,-0.1121214
51.5215051,-0.1122470
51.5210720,-0.1120234
51.5213906,-0.1104290
51.5217625,-0.1109594
51.5213283,-0.1107410
51.5216914,-0.1112984
51.5212624,-0.1110706
51.5216307,-0.1116186
51.5211972,-0.1113969
51.5215678,-0.1119335
51.5211336,-0.1117139
51.5204509,-0.1114418
51.5233121,-0.1324110
51.5225971,-0.1322764
51.5238473,-0.1388763
51.5154970,-0.1224433
51.5153395,-0.1221695
51.5164100,-0.1216119
51.5159493,-0.1206814
51.5171918,-0.1326633
51.5226575,-0.1111903
51.5209752,-0.1365458
51.5203225,-0.1358723
51.5199127,-0.1368956
51.5130610,-0.1387934
51.5122707,-0.1379177
51.5120001,-0.1293404
51.5123064,-0.1296391
51.5244649,-0.1239837
51.5183299,-0.1258618
51.5183907,-0.1257112
51.5235146,-0.1326383
51.5150904,-0.1137012
51.5178795,-0.1136282
51.5127655,-0.1383090
51.5131210,-0.1386745
51.5137223,-0.1393224
51.5176012,-0.1416199
51.5154581,-0.1408378
51.5177757,-0.1402454
51.5178169,-0.1403892
51.5178607,-0.1401473
51.5136642,-0.1299790
51.5183596,-0.1269584
51.5237569,-0.1328803
51.5238844,-0.1329974
51.5228922,-0.1315303
51.5228724,-0.1315118
51.5231321,-0.1318098
51.5196342,-0.1333214
51.5140778,-0.1327547
51.5127588,-0.1374227
51.5132356,-0.1378348
51.5139674,-0.1395154
51.5141723,-0.1396462
51.5139351,-0.1394271
51.5134407,-0.1371928
51.5143230,-0.1368436
51.5220201,-0.1172227
51.5192604,-0.1189709
51.5236050,-0.1271037
51.5234111,-0.1278145
51.5233704,-0.1279124
51.5235247,-0.1275626
51.5237082,-0.1270276
51.5236551,-0.1271577
51.5150018,-0.1319791
51.5154033,-0.1317580
51.5150012,-0.1217573
51.5125357,-0.1371903
51.5151179,-0.1334628
51.5232518,-0.1184744
51.5233766,-0.1179214
51.5213648,-0.1191375
51.5213904,-0.1190427
51.5208324,-0.1198251
51.5210215,-0.1199573
51.5210838,-0.1199970
51.5211115,-0.1200128
51.5211774,-0.1200544
51.5212700,-0.1201255
51.5212993,-0.1201725
51.5210504,-0.1199812
51.5217699,-0.1193066
51.5201137,-0.1205593
51.5208756,-0.1185235
51.5211198,-0.1186830
51.5207427,-0.1190337
51.5210132,-0.1179936
51.5171562,-0.1360122
51.5187874,-0.1233364
51.5191450,-0.1235299
51.5186103,-0.1230065
51.5186188,-0.1232351
51.5189572,-0.1236016
51.5185459,-0.1231498
51.5185238,-0.1224433
51.5193196,-0.1226091
51.5189928,-0.1223911
51.5193438,-0.1230189
51.5187530,-0.1231593
51.5190271,-0.1225894
51.5189406,-0.1221637
51.5188910,-0.1228791
51.5188480,-0.1223807
51.5190133,-0.1222460
51.5191910,-0.1232195
51.5120269,-0.1168548
51.5124053,-0.1223112
51.5128680,-0.1102695
51.5126353,-0.1102252
51.5136532,-0.1115480
51.5124834,-0.1108919
51.5192631,-0.1236649
51.5194902,-0.1231689
51.5193182,-0.1291999
51.5186512,-0.1297315
51.5185859,-0.1296570
51.5186462,-0.1307148
51.5192456,-0.1303884
51.5191849,-0.1305519
51.5193076,-0.1304639
51.5192750,-0.1292757
51.5186097,-0.1308025
51.5232469,-0.1403648
51.5144072,-0.1363715
51.5142928,-0.1361092
51.5140231,-0.1358957
51.5130839,-0.1344308
51.5150473,-0.1401698
51.5216373,-0.1373116
51.5175699,-0.1199686
51.5169444,-0.1257317
51.5171855,-0.1249994
51.5191840,-0.1190355
51.5193447,-0.1183174
51.5194318,-0.1185502
51.5190013,-0.1194411
51.5191657,-0.1193959
51.5191884,-0.1183582
51.5192229,-0.1191532
51.5189217,-0.1192034
51.5157226,-0.1125854
51.5179619,-0.1190936
51.5228658,-0.1127738
51.5228111,-0.1129257
51.5238632,-0.1108763
51.5142622,-0.1328710
51.5143311,-0.1325870
51.5200926,-0.1300417
51.5205651,-0.1314280
51.5212393,-0.1251473
51.5221570,-0.1259343
51.5220885,-0.1255191
51.5210820,-0.1254143
51.5221708,-0.1252921
51.5190984,-0.1176165
51.5237895,-0.1183340
51.5192851,-0.1174971
51.5197914,-0.1125871
51.5197420,-0.1128331
51.5197614,-0.1128610
51.5196875,-0.1131042
51.5208447,-0.1154658
51.5190169,-0.1143086
51.5189021,-0.1142438
51.5189577,-0.1142774
51.5197211,-0.1129367
51.5194321,-0.1147180
51.5194176,-0.1189051
51.5192134,-0.1190975
51.5192813,-0.1189877
51.5187119,-0.1370091
51.5187347,-0.1243633
51.5207596,-0.1201143
51.5164413,-0.1245997
51.5173782,-0.1265780
51.5173368,-0.1266982
51.5174248,-0.1267651
51.5174565,-0.1268377
51.5180519,-0.1159226
51.5171206,-0.1190198
51.5173915,-0.1294488
51.5168630,-0.1290420
51.5150705,-0.1200482
51.5178626,-0.1174284
51.5206128,-0.1262374
51.5204093,-0.1280631
51.5198639,-0.1344744
51.5220052,-0.1107898
51.5222434,-0.1332275
51.5230639,-0.1131967
51.5228242,-0.1316197
51.5162602,-0.1278291
51.5159508,-0.1275413
51.5156363,-0.1284770
51.5151707,-0.1326277
51.5155395,-0.1323952
51.5153072,-0.1335846
51.5155821,-0.1344252
51.5150925,-0.1341369
51.5129751,-0.1259558
51.5129550,-0.1260043
51.5137736,-0.1293797
51.5131210,-0.1293038
51.5133601,-0.1289822
51.5134070,-0.1289239
51.5151866,-0.1285315
51.5155731,-0.1281103
51.5146346,-0.1282854
51.5189475,-0.1211642
51.5192864,-0.1214838
51.5195029,-0.1202452
51.5193843,-0.1200655
51.5194633,-0.1199017
51.5196728,-0.1197915
51.5196404,-0.1199826
51.5194834,-0.1201032
51.5193307,-0.1198792
51.5177728,-0.1191159
51.5192973,-0.1205631
51.5193989,-0.1202374
51.5194401,-0.1200276
51.5177989,-0.1188985
51.5188472,-0.1209534
51.5162182,-0.1277887
51.5160497,-0.1283870
51.5160844,-0.1276600
51.5163016,-0.1288216
51.5156601,-0.1272778
51.5157101,-0.1283703
51.5157792,-0.1273821
51.5157941,-0.1280576
51.5157723,-0.1281756
51.5188290,-0.1262079
51.5184775,-0.1258062
51.5217639,-0.1223104
51.5216820,-0.1226027
51.5221606,-0.1224857
51.5221252,-0.1226196
51.5220474,-0.1228992
51.5218135,-0.1221700
51.5216457,-0.1227353
51.5214208,-0.1199842
51.5213010,-0.1199620
51.5211262,-0.1197627
51.5176659,-0.1240862
51.5175966,-0.1240076
51.5150886,-0.1260637
51.5151866,-0.1258369
51.5152321,-0.1257453
51.5160710,-0.1394875
51.5168824,-0.1215847
51.5220463,-0.1137414
51.5225213,-0.1346902
51.5138280,-0.1109826
51.5213499,-0.1221097
51.5227494,-0.1138193
51.5148702,-0.1186147
51.5239612,-0.1107745
51.5189056,-0.1208595
51.5188694,-0.1209624
51.5188395,-0.1210673
51.5159110,-0.1117720
51.5167849,-0.1133548
51.5167272,-0.1129416
51.5182979,-0.1154743
51.5174338,-0.1117077
51.5126173,-0.1346128
51.5229627,-0.1253817
51.5239158,-0.1256401
51.5239021,-0.1266621
51.5241377,-0.1246580
51.5171486,-0.1263374
51.5170901,-0.1262976
51.5169890,-0.1262636
51.5218066,-0.1113500
51.5218976,-0.1113874
51.5209390,-0.1154977
51.5228464,-0.1316441
51.5131470,-0.1350656
51.5127603,-0.1352460
51.5129424,-0.1354464
51.5222802,-0.1359367
51.5197588,-0.1247754
51.5201956,-0.1252977
51.5198865,-0.1245663
51.5197337,-0.1243876
51.5203641,-0.1252619
51.5204410,-0.1252145
51.5202313,-0.1249693
51.5201242,-0.1252103
51.5200871,-0.1248007
51.5197191,-0.1245742
51.5199811,-0.1250340
51.5198296,-0.1248581
51.5199383,-0.1246268
51.5197928,-0.1254294
51.5203851,-0.1255282
51.5197060,-0.1209649
51.5199296,-0.1203959
51.5229000,-0.1222072
51.5114224,-0.1107239
51.5127280,-0.1121689
51.5160032,-0.1235149
51.5137701,-0.1109565
51.5123587,-0.1106619
51.5131203,-0.1105888
51.5137245,-0.1116247
51.5128367,-0.1103043
51.5245507,-0.1349852
51.5226346,-0.1336666
51.5224130,-0.1327067
51.5226333,-0.1362676
51.5227967,-0.1358362
51.5179702,-0.1322505
51.5180573,-0.1320130
51.5141989,-0.1395365
51.5119338,-0.1347919
51.5132589,-0.1176697
51.5133250,-0.1174684
51.5123500,-0.1166843
51.5122446,-0.1171296
51.5165940,-0.1224611
51.5181228,-0.1278957
51.5241416,-0.1228309
51.5234559,-0.1232951
51.5239762,-0.1235831
51.5176824,-0.1196010
51.5161894,-0.1136490
51.5171932,-0.1194631
51.5162152,-0.1135433
51.5160479,-0.1141887
51.5151935,-0.1136324
51.5120743,-0.1204274
51.5132029,-0.1187687
51.5140634,-0.1188844
51.5141805,-0.1226025
51.5143003,-0.1194796
51.5144725,-0.1230148
51.5147590,-0.1234717
51.5148391,-0.1224198
51.5163240,-0.1229227
51.5167448,-0.1235294
51.5155845,-0.1235249
51.5163844,-0.1195321
51.5166055,-0.1187439
51.5138641,-0.1250227
51.5143001,-0.1242333
51.5145790,-0.1245721
51.5148259,-0.1249822
51.5157712,-0.1263440
51.5217331,-0.1360276
51.5224622,-0.1313499
51.5180905,-0.1115667
51.5181667,-0.1115461
51.5181927,-0.1123024
51.5213854,-0.1221382
51.5132115,-0.1218515
51.5135759,-0.1214233
51.5137037,-0.1270287
51.5137083,-0.1269575
51.5137274,-0.1269215
51.5137469,-0.1270993
51.5138111,-0.1269366
51.5137974,-0.1270877
51.5138263,-0.1269947
51.5140442,-0.1209393
51.5234683,-0.1115588
51.5158167,-0.1408368
51.5159062,-0.1400802
51.5159168,-0.1400074
51.5160338,-0.1395188
51.5171329,-0.1414137
51.5173741,-0.1400697
51.5223277,-0.1359838
51.5224936,-0.1355614
51.5226633,-0.1351628
51.5227770,-0.1349172
51.5229059,-0.1346343
51.5166770,-0.1332334
51.5175221,-0.1339511
51.5177069,-0.1341511
51.5178730,-0.1346323
51.5179385,-0.1344008
51.5181898,-0.1351116
51.5169435,-0.1375167
51.5171853,-0.1383429
51.5235135,-0.1424084
51.5237074,-0.1415163
51.5238860,-0.1406849
51.5239476,-0.1403952
51.5144102,-0.1257557
51.5150241,-0.1315154
51.5154426,-0.1316153
51.5157896,-0.1318682
51.5136610,-0.1119679
51.5192027,-0.1147823
51.5193359,-0.1119749
51.5194777,-0.1113814
51.5195464,-0.1110870
51.5195563,-0.1105736
51.5196309,-0.1101347
51.5196590,-0.1101450
51.5196690,-0.1096930
51.5196804,-0.1121804
51.5197282,-0.1101707
51.5198028,-0.1115723
51.5200646,-0.1103718
51.5202508,-0.1094549
51.5206743,-0.1127557
51.5208305,-0.1121459
51.5208928,-0.1157146
51.5209174,-0.1117040
51.5209843,-0.1112986
51.5211519,-0.1103183
51.5211270,-0.1147091
51.5212511,-0.1099135
51.5220693,-0.1152946
51.5228001,-0.1158916
51.5228478,-0.1159537
51.5161805,-0.1262571
51.5162174,-0.1261594
51.5162575,-0.1260128
51.5158552,-0.1369338
51.5213071,-0.1283235
51.5218873,-0.1289470
51.5224960,-0.1305534
51.5139410,-0.1100862
51.5123199,-0.1169288
51.5124132,-0.1169937
51.5158567,-0.1133020
51.5167276,-0.1235685
51.5172125,-0.1239380
51.5174362,-0.1116318
51.5164469,-0.1113753
51.5174361,-0.1112694
51.5175680,-0.1111225
51.5176053,-0.1116588
51.5176640,-0.1116489
51.5177328,-0.1134129
51.5178858,-0.1129377
51.5179390,-0.1110966
51.5180018,-0.1110859
51.5181860,-0.1115494
51.5167054,-0.1124674
51.5210377,-0.1252105
51.5227218,-0.1245754
51.5233302,-0.1220499
51.5138938,-0.1249654
51.5161582,-0.1127665
51.5164633,-0.1132578
51.5133111,-0.1266095
51.5134344,-0.1268737
51.5142612,-0.1260635
51.5144232,-0.1262886
51.5145350,-0.1264461
51.5218252,-0.1278316
51.5210624,-0.1256411
51.5212876,-0.1250210
51.5150882,-0.1361559
51.5161324,-0.1295094
51.5163419,-0.1295918
51.5143471,-0.1175307
51.5160009,-0.1293131
51.5160699,-0.1283255
51.5135547,-0.1302743
51.5123508,-0.1159890
51.5132731,-0.1130432
51.5133094,-0.1130797
51.5134345,-0.1131640
51.5130717,-0.1408148
51.5126623,-0.1275688
51.5188843,-0.1211052
51.5189810,-0.1209101
51.5163908,-0.1125198
51.5164115,-0.1124598
51.5164530,-0.1123395
51.5164641,-0.1123005
51.5153236,-0.1115516
51.5165168,-0.1106839
51.5154220,-0.1406680
51.5137155,-0.1411476
51.5154615,-0.1402899
51.5153396,-0.1412322
51.5136525,-0.1413312
51.5123558,-0.1258892
51.5126249,-0.1269394
51.5126283,-0.1267279
51.5120282,-0.1261312
51.5120862,-0.1261576
51.5168061,-0.1274908
51.5180895,-0.1191550
51.5189012,-0.1212633
51.5188457,-0.1212023
51.5172093,-0.1251464
51.5170594,-0.1249533
51.5171337,-0.1248611
51.5171011,-0.1250695
51.5189374,-0.1210017
51.5190847,-0.1213116
51.5191824,-0.1207586
51.5190655,-0.1207621
51.5191180,-0.1211111
51.5191434,-0.1207008
51.5190874,-0.1207973
51.5175069,-0.1202784
51.5174894,-0.1204175
51.5175907,-0.1205799
51.5177274,-0.1205047
51.5176513,-0.1201560
51.5177443,-0.1203868
51.5164076,-0.1197235
51.5187472,-0.1219271
51.5164474,-0.1195780
51.5122287,-0.1410639
51.5130250,-0.1406265
51.5122799,-0.1110299
51.5153978,-0.1408108
51.5236440,-0.1223218
51.5236702,-0.1222502
51.5237189,-0.1223739
51.5160650,-0.1346891
51.5177246,-0.1186995
51.5136288,-0.1270460
51.5139239,-0.1253685
51.5138007,-0.1251815
51.5207132,-0.1263426
51.5206597,-0.1264584
51.5206578,-0.1262860
51.5206793,-0.1264149
51.5226889,-0.1258205
51.5226923,-0.1258803
51.5215305,-0.1240194
51.5216138,-0.1238238
51.5216533,-0.1237225
51.5133973,-0.1380333
51.5138366,-0.1387951
51.5129427,-0.1104494
51.5133695,-0.1389571
51.5135169,-0.1391000
51.5139308,-0.1393782
51.5181476,-0.1351673
51.5180850,-0.1352718
51.5191892,-0.1346063
51.5193926,-0.1341318
51.5193486,-0.1347844
51.5193729,-0.1344887
51.5194852,-0.1342255
51.5192818,-0.1343876
51.5192826,-0.1347088
51.5172268,-0.1227496
51.5171780,-0.1227188
51.5172745,-0.1227614
51.5172270,-0.1225913
51.5155581,-0.1392874
51.5153918,-0.1301424
51.5158795,-0.1366767
51.5165349,-0.1304000
51.5159429,-0.1360302
51.5209157,-0.1389340
51.5132740,-0.1175425
51.5134666,-0.1175738
51.5148825,-0.1217449
51.5229928,-0.1312167
51.5230263,-0.1312493
51.5229795,-0.1316311
51.5234062,-0.1308416
51.5234507,-0.1308886
51.5229626,-0.1310702
51.5227508,-0.1318110
51.5228098,-0.1317419
51.5138599,-0.1271857
51.5132726,-0.1264025
51.5133311,-0.1263898
51.5133213,-0.1263014
51.5126991,-0.1210749
51.5126018,-0.1213033
51.5179971,-0.1103362
51.5180994,-0.1110572
51.5135004,-0.1288007
51.5227388,-0.1384072
51.5229437,-0.1379311
51.5224193,-0.1380534
51.5118765,-0.1270975
51.5137505,-0.1413351
51.5137500,-0.1410470
51.5137898,-0.1412114
51.5139127,-0.1405439
51.5231578,-0.1386733
51.5146355,-0.1309004
51.5156077,-0.1376098
51.5151188,-0.1361817
51.5157684,-0.1289698
51.5239589,-0.1254479
51.5131251,-0.1243124
51.5166981,-0.1331576
51.5167352,-0.1330477
51.5177417,-0.1341212
51.5177908,-0.1339883
51.5179337,-0.1357851
51.5179690,-0.1356466
51.5183765,-0.1135005
51.5184519,-0.1135096
51.5220621,-0.1357273
51.5222535,-0.1352017
51.5221969,-0.1353470
51.5179346,-0.1099086
51.5138286,-0.1125105
51.5136946,-0.1124392
51.5139610,-0.1125672
51.5135635,-0.1123696
51.5136619,-0.1124221
51.5136892,-0.1118127
51.5139161,-0.1119358
51.5137743,-0.1118596
51.5132907,-0.1138229
51.5134721,-0.1139208
51.5128028,-0.1147798
51.5128152,-0.1143485
51.5127712,-0.1145398
51.5128355,-0.1145134
51.5126281,-0.1143755
51.5128103,-0.1148519
51.5135032,-0.1126044
51.5126814,-0.1145397
51.5126152,-0.1144313
51.5127405,-0.1146810
51.5126963,-0.1144804
51.5127980,-0.1145646
51.5130522,-0.1148589
51.5128260,-0.1145475
51.5186212,-0.1245373
51.5187081,-0.1243347
51.5236466,-0.1267320
51.5239619,-0.1265007
51.5227471,-0.1259408
51.5203704,-0.1359252
51.5208359,-0.1363937
51.5209356,-0.1365017
51.5160534,-0.1208139
51.5133340,-0.1383869
51.5134674,-0.1386215
51.5135011,-0.1386538
51.5136092,-0.1387533
51.5136440,-0.1387862
51.5138238,-0.1389796
51.5131665,-0.1387511
51.5137349,-0.1381157
51.5133705,-0.1401543
51.5136902,-0.1392878
51.5131376,-0.1387027
51.5133049,-0.1384613
51.5133178,-0.1384281
51.5133455,-0.1389330
51.5133571,-0.1389454
51.5134817,-0.1386352
51.5134834,-0.1390592
51.5134941,-0.1390800
51.5136314,-0.1387754
51.5138271,-0.1389200
51.5122879,-0.1378781
51.5127051,-0.1382648
51.5127713,-0.1384766
51.5127894,-0.1384323
51.5127708,-0.1381041
51.5127926,-0.1383395
51.5127990,-0.1394044
51.5130886,-0.1388161
51.5131197,-0.1388519
51.5133484,-0.1401225
51.5138461,-0.1396039
51.5127316,-0.1382842
51.5127760,-0.1374389
51.5127869,-0.1376917
51.5128400,-0.1375467
51.5128462,-0.1380321
51.5128531,-0.1375108
51.5128565,-0.1380093
51.5128930,-0.1380499
51.5132135,-0.1340464
51.5132470,-0.1339322
51.5193973,-0.1389509
51.5191679,-0.1387104
51.5193026,-0.1383878
51.5145988,-0.1311342
51.5146490,-0.1309281
51.5147522,-0.1304102
51.5238778,-0.1381862
51.5142738,-0.1328173
51.5121652,-0.1396640
51.5120217,-0.1398622
51.5120343,-0.1396093
51.5245536,-0.1240354
51.5154339,-0.1290734
51.5154612,-0.1291056
51.5155226,-0.1291779
51.5156401,-0.1293163
51.5157563,-0.1302817
51.5162564,-0.1301449
51.5158904,-0.1297749
51.5232574,-0.1387884
51.5236358,-0.1400765
51.5224283,-0.1173598
51.5225112,-0.1174073
51.5219723,-0.1190170
51.5173317,-0.1271934
51.5203410,-0.1414265
51.5212831,-0.1350097
51.5216766,-0.1397582
51.5217725,-0.1394825
51.5218077,-0.1394001
51.5218418,-0.1367428
51.5219458,-0.1390663
51.5220169,-0.1363402
51.5221283,-0.1386413
51.5221562,-0.1386725
51.5221725,-0.1385280
51.5223206,-0.1381766
51.5224055,-0.1379789
51.5225902,-0.1375431
51.5230607,-0.1365117
51.5173030,-0.1230032
51.5173128,-0.1218190
51.5173589,-0.1227724
51.5174032,-0.1217852
51.5174285,-0.1218616
51.5174423,-0.1218854
51.5178492,-0.1236642
51.5179069,-0.1237270
51.5179563,-0.1238045
51.5132632,-0.1171477
51.5153882,-0.1142743
51.5159335,-0.1146477
51.5151778,-0.1175765
51.5132922,-0.1166529
51.5132222,-0.1156703
51.5137215,-0.1147764
51.5132812,-0.1160301
51.5130988,-0.1148455
51.5147277,-0.1149553
51.5141234,-0.1157245
51.5150472,-0.1155720
51.5141863,-0.1163214
51.5137471,-0.1166798
51.5142828,-0.1155872
51.5132127,-0.1142481
51.5134458,-0.1270902
51.5131458,-0.1266364
51.5132247,-0.1267623
51.5187307,-0.1127346
51.5188330,-0.1127542
51.5191783,-0.1129206
51.5192955,-0.1129837
51.5188537,-0.1127582
51.5191161,-0.1125751
51.5191313,-0.1128862
51.5220207,-0.1103273
51.5220806,-0.1110136
51.5220930,-0.1356359
51.5215272,-0.1350876
51.5223082,-0.1358556
51.5187440,-0.1246724
51.5188714,-0.1245726
51.5133381,-0.1364945
51.5159931,-0.1364180
51.5236786,-0.1322438
51.5239093,-0.1342953
51.5243568,-0.1324546
51.5239464,-0.1319671
51.5237694,-0.1319727
51.5203275,-0.1412971
51.5190966,-0.1171851
51.5124367,-0.1187414
51.5179852,-0.1316486
51.5187685,-0.1370591
51.5198574,-0.1367391
51.5198964,-0.1367780
51.5199429,-0.1368201
51.5119792,-0.1295635
51.5142725,-0.1155501
51.5144704,-0.1161515
51.5195913,-0.1124842
51.5196605,-0.1121685
51.5224709,-0.1325439
51.5239207,-0.1330379
51.5152711,-0.1322536
51.5180461,-0.1311138
51.5217587,-0.1292712
51.5221302,-0.1296686
51.5151523,-0.1128405
51.5152672,-0.1129078
51.5137669,-0.1251640
51.5146142,-0.1266433
51.5146260,-0.1268113
51.5151139,-0.1260090
51.5121155,-0.1229565
51.5117965,-0.1225797
51.5166634,-0.1128545
51.5161734,-0.1127952
51.5165446,-0.1127619
51.5161410,-0.1129598
51.5119549,-0.1227649
51.5168625,-0.1370983
51.5158855,-0.1373416
51.5159715,-0.1373793
51.5122638,-0.1179073
51.5149794,-0.1185526
51.5179963,-0.1157188
51.5232963,-0.1205220
51.5229862,-0.1218469
51.5151144,-0.1325897
51.5150936,-0.1320498
51.5153584,-0.1317261
51.5153517,-0.1322419
51.5146110,-0.1174774
51.5133433,-0.1131055
51.5133954,-0.1131394
51.5137395,-0.1115362
51.5225797,-0.1356455
51.5227502,-0.1359643
51.5226783,-0.1361517
51.5124756,-0.1339572
51.5125099,-0.1339854
51.5121453,-0.1164972
51.5127230,-0.1184583
51.5230114,-0.1311233
51.5229464,-0.1315523
51.5232956,-0.1309239
51.5229755,-0.1311965
51.5231067,-0.1307405
51.5229419,-0.1313414
51.5188024,-0.1105708
51.5188042,-0.1107555
51.5191203,-0.1105509
51.5180357,-0.1106012
51.5182400,-0.1140080
51.5183357,-0.1140287
51.5188963,-0.1142649
51.5190957,-0.1164707
51.5191136,-0.1150309
51.5190108,-0.1158486
51.5190399,-0.1163905
51.5193802,-0.1157442
51.5182019,-0.1154521
51.5186998,-0.1177418
51.5187314,-0.1176235
51.5183552,-0.1191029
51.5183564,-0.1166346
51.5183932,-0.1189553
51.5186644,-0.1178765
51.5186801,-0.1184545
51.5186956,-0.1177577
51.5187252,-0.1183007
51.5187441,-0.1185751
51.5192604,-0.1194014
51.5197999,-0.1316280
51.5136273,-0.1393936
51.5136614,-0.1394212
51.5136844,-0.1393628
51.5137053,-0.1393075
51.5182034,-0.1279771
51.5183703,-0.1281668
51.5182400,-0.1291364
51.5183306,-0.1289203
51.5173075,-0.1281157
51.5173811,-0.1295007
51.5173789,-0.1281833
51.5170029,-0.1291390
51.5175156,-0.1288998
51.5175726,-0.1286475
51.5174675,-0.1297499
51.5176118,-0.1298687
51.5179495,-0.1323813
51.5180166,-0.1322968
51.5181081,-0.1320620
51.5181918,-0.1318560
51.5191497,-0.1329151
51.5187107,-0.1341518
51.5195743,-0.1343227
51.5223559,-0.1379235
51.5143586,-0.1173926
51.5167257,-0.1357112
51.5168102,-0.1357686
51.5169448,-0.1358601
51.5170722,-0.1359602
51.5173728,-0.1361415
51.5174680,-0.1362010
51.5176892,-0.1363392
51.5152582,-0.1410037
51.5198314,-0.1379737
51.5188396,-0.1395206
51.5221165,-0.1411000
51.5221253,-0.1410487
51.5138226,-0.1411081
51.5130569,-0.1405283
51.5129925,-0.1407267
51.5120577,-0.1397719
51.5131625,-0.1405459
51.5120969,-0.1396598
51.5130751,-0.1404745
51.5131478,-0.1406182
51.5121290,-0.1398373
51.5121667,-0.1397271
51.5119993,-0.1397182
51.5147263,-0.1221424
51.5155687,-0.1266926
51.5162258,-0.1243952
51.5163312,-0.1245043
51.5156340,-0.1265505
51.5162724,-0.1242881
51.5163630,-0.1244197
51.5163208,-0.1243585
51.5157651,-0.1261915
51.5161894,-0.1244787
51.5162996,-0.1245887
51.5162414,-0.1245306
51.5174316,-0.1218026
51.5173183,-0.1217863
51.5172540,-0.1217881
51.5184144,-0.1223535
51.5177363,-0.1236643
51.5183443,-0.1221903
51.5178846,-0.1237778
51.5172046,-0.1248841
51.5179082,-0.1238044
51.5170944,-0.1248482
51.5170636,-0.1248810
51.5170566,-0.1249919
51.5173583,-0.1217675
51.5171987,-0.1249550
51.5172605,-0.1251885
51.5173016,-0.1250895
51.5171543,-0.1250959
51.5182887,-0.1258278
51.5182096,-0.1260106
51.5181869,-0.1260681
51.5183729,-0.1259008
51.5189875,-0.1243070
51.5188347,-0.1245319
51.5187601,-0.1246359
51.5205222,-0.1262872
51.5205425,-0.1262362
51.5205041,-0.1263309
51.5205837,-0.1262040
51.5206320,-0.1265252
51.5211428,-0.1250636
51.5208426,-0.1249886
51.5209758,-0.1253596
51.5214235,-0.1240479
51.5214186,-0.1242855
51.5213965,-0.1241009
51.5213771,-0.1242371
51.5222033,-0.1248574
51.5215697,-0.1242304
51.5227161,-0.1227879
51.5220875,-0.1248780
51.5221203,-0.1248111
51.5222633,-0.1249839
51.5222309,-0.1250544
51.5227640,-0.1255642
51.5229084,-0.1256669
51.5228183,-0.1256320
51.5228283,-0.1255918
51.5229021,-0.1258841
51.5229412,-0.1257952
51.5228655,-0.1259786
51.5227949,-0.1259888
51.5227235,-0.1256707
51.5226784,-0.1257718
51.5228776,-0.1256388
51.5235100,-0.1233266
51.5218293,-0.1277653
51.5233440,-0.1241951
51.5237230,-0.1225171
51.5236815,-0.1222983
51.5211006,-0.1394440
51.5213425,-0.1401122
51.5207557,-0.1370935
51.5204084,-0.1359665
51.5213943,-0.1384855
51.5214124,-0.1385055
51.5213812,-0.1378758
51.5121402,-0.1382148
51.5122015,-0.1382862
51.5162269,-0.1287839
51.5165419,-0.1265767
51.5167544,-0.1278336
51.5128704,-0.1140839
51.5136603,-0.1115049
51.5194307,-0.1331043
51.5172500,-0.1235785
51.5211338,-0.1216083
51.5210196,-0.1235498
51.5227564,-0.1272730
51.5151163,-0.1390204
51.5150176,-0.1392940
51.5148554,-0.1399040
51.5148456,-0.1399409
51.5150209,-0.1392815
51.5150016,-0.1393540
51.5147554,-0.1387662
51.5149967,-0.1401732
51.5139574,-0.1254342
51.5142934,-0.1258995
51.5139367,-0.1225855
51.5140265,-0.1227249
51.5126536,-0.1110453
51.5126346,-0.1111371
51.5128258,-0.1110782
51.5128014,-0.1112092
51.5136800,-0.1109239
51.5139742,-0.1100991
51.5139031,-0.1104777
51.5137059,-0.1103805
51.5157081,-0.1376440
51.5210059,-0.1364793
51.5215867,-0.1373253
51.5216208,-0.1372939
51.5146708,-0.1378011
51.5146978,-0.1376989
51.5151442,-0.1369534
51.5149978,-0.1368589
51.5149376,-0.1368188
51.5144557,-0.1364092
51.5140633,-0.1359275
51.5141464,-0.1359933
51.5142673,-0.1370383
51.5143030,-0.1369133
51.5154001,-0.1350545
51.5155207,-0.1346592
51.5146920,-0.1353864
51.5147512,-0.1354344
51.5149892,-0.1343507
51.5151812,-0.1341839
51.5218612,-0.1361711
51.5219651,-0.1362874
51.5227051,-0.1370783
51.5224001,-0.1367537
51.5210244,-0.1286004
51.5209576,-0.1287653
51.5210606,-0.1285109
51.5212653,-0.1281427
51.5207761,-0.1294512
51.5206811,-0.1293492
51.5209264,-0.1288423
51.5211276,-0.1287153
51.5210596,-0.1288760
51.5156770,-0.1192320
51.5132442,-0.1351576
51.5125544,-0.1347954
51.5125041,-0.1349370
51.5123114,-0.1355291
51.5122779,-0.1354941
51.5120173,-0.1351782
51.5127626,-0.1359998
51.5122612,-0.1366733
51.5138625,-0.1106782
51.5240285,-0.1245943
51.5233583,-0.1277657
51.5233180,-0.1278567
51.5235116,-0.1274882
51.5238279,-0.1269309
51.5234757,-0.1275099
51.5124484,-0.1120169
51.5120804,-0.1117082
51.5121148,-0.1115181
51.5121216,-0.1114653
51.5121352,-0.1113962
51.5120972,-0.1116225
51.5120893,-0.1113694
51.5130301,-0.1259446
51.5127014,-0.1262984
51.5127394,-0.1263329
51.5128532,-0.1262008
51.5131345,-0.1253287
51.5130684,-0.1251357
51.5130837,-0.1251041
51.5131681,-0.1252740
51.5131835,-0.1252437
51.5129856,-0.1259666
51.5130096,-0.1259155
51.5121980,-0.1230543
51.5144423,-0.1161680
51.5236075,-0.1272348
51.5197521,-0.1294345
51.5229112,-0.1380074
51.5228580,-0.1381278
51.5222630,-0.1359807
51.5222119,-0.1360704
51.5148888,-0.1173055
51.5147494,-0.1166666
51.5147944,-0.1165048
51.5148123,-0.1164378
51.5155974,-0.1272288
51.5223579,-0.1359065
51.5226407,-0.1287239
51.5221097,-0.1283746
51.5216069,-0.1296483
51.5229485,-0.1294903
51.5229546,-0.1290700
51.5221496,-0.1282741
51.5164505,-0.1212981
51.5173224,-0.1217653
51.5173008,-0.1227684
51.5174619,-0.1218154
51.5218090,-0.1113522
51.5217287,-0.1113149
51.5218058,-0.1106642
51.5218996,-0.1106283
51.5211558,-0.1113955
51.5207074,-0.1394241
51.5186530,-0.1244686
51.5230651,-0.1290138
51.5140671,-0.1098229
51.5138376,-0.1109261
51.5122497,-0.1231171
51.5123262,-0.1224866
51.5121074,-0.1222346
51.5124107,-0.1225850
51.5121659,-0.1223019
51.5120343,-0.1234238
51.5121881,-0.1220554
51.5120157,-0.1228364
51.5122238,-0.1223685
51.5122496,-0.1223121
51.5123036,-0.1221922
51.5120050,-0.1221126
51.5121330,-0.1221778
51.5119009,-0.1226999
51.5124252,-0.1225185
51.5124014,-0.1225743
51.5120175,-0.1218537
51.5120829,-0.1219313
51.5120241,-0.1234123
51.5124775,-0.1223985
51.5119494,-0.1233300
51.5121887,-0.1230429
51.5124535,-0.1226328
51.5122674,-0.1222727
51.5120895,-0.1234834
51.5120618,-0.1234532
51.5122337,-0.1230976
51.5120483,-0.1220113
51.5121549,-0.1221291
51.5123733,-0.1223835
51.5124317,-0.1226086
51.5124432,-0.1224772
51.5123321,-0.1231708
51.5126850,-0.1223529
51.5123277,-0.1219319
51.5123874,-0.1220012
51.5123649,-0.1230978
51.5173674,-0.1200069
51.5173919,-0.1198900
51.5134039,-0.1290481
51.5227606,-0.1349526
51.5208564,-0.1357050
51.5218271,-0.1367273
51.5124325,-0.1390202
51.5124956,-0.1390973
51.5147361,-0.1304926
51.5193848,-0.1332317
51.5173662,-0.1378295
51.5173910,-0.1377843
51.5161986,-0.1328264
51.5160489,-0.1119815
51.5172983,-0.1122510
51.5232410,-0.1242457
51.5215633,-0.1204407
51.5216593,-0.1205235
51.5217146,-0.1205712
51.5171318,-0.1344193
51.5172918,-0.1337553
51.5178143,-0.1237457
51.5187766,-0.1247921
51.5184682,-0.1244409
51.5183008,-0.1242514
51.5177655,-0.1255991
51.5179088,-0.1257530
51.5178846,-0.1258299
51.5172894,-0.1251271
51.5176533,-0.1260462
51.5176136,-0.1260044
51.5175821,-0.1259714
51.5174964,-0.1262396
51.5173617,-0.1266261
51.5173698,-0.1267212
51.5179439,-0.1269775
51.5190225,-0.1245079
51.5222175,-0.1283436
51.5229272,-0.1291318
51.5226555,-0.1286875
51.5226376,-0.1286642
51.5230123,-0.1282538
51.5235907,-0.1296640
51.5122136,-0.1314154
51.5127324,-0.1277777
51.5126517,-0.1277856
51.5208306,-0.1186948
51.5207749,-0.1189117
51.5209107,-0.1183898
51.5209636,-0.1181798
51.5145690,-0.1237865
51.5150458,-0.1237429
51.5151264,-0.1236018
51.5150939,-0.1236603
51.5148523,-0.1241940
51.5148137,-0.1241380
51.5149534,-0.1243372
51.5149920,-0.1243919
51.5150473,-0.1244702
51.5150745,-0.1245104
51.5177378,-0.1189813
51.5137877,-0.1252100
51.5208623,-0.1177890
51.5159816,-0.1113076
51.5172648,-0.1300060
51.5176679,-0.1313578
51.5124796,-0.1250754
51.5125549,-0.1251639
51.5128649,-0.1255114
51.5127739,-0.1256835
51.5128095,-0.1256159
51.5174964,-0.1181208
51.5175871,-0.1181560
51.5176655,-0.1177274
51.5175733,-0.1176925
51.5129869,-0.1336633
51.5129995,-0.1336719
51.5150970,-0.1268070
51.5185469,-0.1220483
51.5186575,-0.1217949
51.5189412,-0.1196093
51.5165794,-0.1301757
51.5162888,-0.1300417
51.5164055,-0.1301160
51.5158714,-0.1298502
51.5162273,-0.1300352
51.5160199,-0.1302986
51.5160527,-0.1302716
51.5158943,-0.1298549
51.5156700,-0.1301466
51.5161769,-0.1306973
51.5161297,-0.1306851
51.5161526,-0.1304446
51.5162085,-0.1305149
51.5162251,-0.1305260
51.5162541,-0.1306928
51.5162863,-0.1306999
51.5162221,-0.1306857
51.5161890,-0.1306661
51.5162378,-0.1305187
51.5162081,-0.1325998
51.5161154,-0.1317701
51.5160922,-0.1323008
51.5161253,-0.1314767
51.5161334,-0.1312960
51.5162720,-0.1317352
51.5161554,-0.1303872
51.5161567,-0.1303277
51.5162151,-0.1304177
51.5162200,-0.1304366
51.5162045,-0.1304966
51.5162506,-0.1306843
51.5159734,-0.1302761
51.5159200,-0.1300097
51.5161788,-0.1301934
51.5162590,-0.1302211
51.5162913,-0.1302323
51.5161082,-0.1301690
51.5163607,-0.1307912
51.5152395,-0.1299030
51.5153851,-0.1300134
51.5155413,-0.1300881
51.5162977,-0.1311506
51.5162784,-0.1316540
51.5162911,-0.1314980
51.5161716,-0.1307396
51.5162399,-0.1307600
51.5162442,-0.1307238
51.5161517,-0.1308976
51.5161814,-0.1306613
51.5162110,-0.1313114
51.5162229,-0.1309191
51.5162052,-0.1314945
51.5152539,-0.1296937
51.5154367,-0.1297863
51.5153962,-0.1297657
51.5161708,-0.1305590
51.5161021,-0.1299739
51.5161070,-0.1299414
51.5160892,-0.1300599
51.5161611,-0.1303570
51.5160366,-0.1305617
51.5158187,-0.1299797
51.5160928,-0.1302635
51.5161244,-0.1300701
51.5160307,-0.1305961
51.5160457,-0.1305103
51.5161755,-0.1300885
51.5222458,-0.1271549
51.5208872,-0.1255689
51.5170135,-0.1201439
51.5172575,-0.1200368
51.5171202,-0.1201482
51.5173406,-0.1202897
51.5172769,-0.1200471
51.5173000,-0.1199159
51.5174028,-0.1193518
51.5174999,-0.1192961
51.5177687,-0.1193181
51.5175788,-0.1192631
51.5177608,-0.1193898
51.5175700,-0.1193365
51.5174963,-0.1193137
51.5174098,-0.1198453
51.5175501,-0.1213288
51.5177208,-0.1205552
51.5176570,-0.1205304
51.5177167,-0.1201823
51.5177530,-0.1203239
51.5175853,-0.1199730
51.5173628,-0.1200317
51.5171498,-0.1199081
51.5175285,-0.1201251
51.5175633,-0.1201225
51.5176016,-0.1195819
51.5121295,-0.1284833
51.5130360,-0.1239729
51.5130699,-0.1242337
51.5129681,-0.1240237
51.5130631,-0.1241323
51.5130134,-0.1242453
51.5130292,-0.1242055
51.5129346,-0.1241512
51.5130174,-0.1240059
51.5129950,-0.1240564
51.5129433,-0.1241622
51.5129585,-0.1240118
51.5129321,-0.1240579
51.5129754,-0.1240327
51.5130138,-0.1240783
51.5129624,-0.1241868
51.5129792,-0.1242072
51.5129488,-0.1240784
51.5129918,-0.1241301
51.5130086,-0.1241506
51.5129742,-0.1240236
51.5129228,-0.1241343
51.5130168,-0.1240760
51.5129659,-0.1241870
51.5130336,-0.1240963
51.5129823,-0.1242073
51.5131342,-0.1242018
51.5130511,-0.1243371
51.5131716,-0.1241425
51.5131661,-0.1241513
51.5130174,-0.1243928
51.5130217,-0.1243866
51.5121196,-0.1342607
51.5120465,-0.1341785
51.5121248,-0.1130539
51.5162418,-0.1162362
51.5194673,-0.1179916
51.5196246,-0.1191957
51.5129193,-0.1241320
51.5126242,-0.1387944
51.5237865,-0.1298696
51.5238627,-0.1298956
51.5238652,-0.1296911
51.5234476,-0.1306945
51.5236863,-0.1301033
51.5236246,-0.1302460
51.5225021,-0.1325758
51.5230607,-0.1311734
51.5221082,-0.1334576
51.5219996,-0.1337538
51.5219721,-0.1356447
51.5211830,-0.1382529
51.5165457,-0.1303388
51.5238853,-0.1373783
51.5224270,-0.1357151
51.5175577,-0.1308223
51.5169249,-0.1259071
51.5161262,-0.1264268
51.5157458,-0.1262707
51.5158675,-0.1258355
51.5163307,-0.1270114
51.5174241,-0.1268101
51.5176050,-0.1263290
51.5198644,-0.1112894
51.5234507,-0.1113800
51.5133948,-0.1291407
51.5134105,-0.1290897
51.5166005,-0.1350020
51.5196580,-0.1323039
51.5205114,-0.1332285
51.5149085,-0.1136240
51.5148620,-0.1135974
51.5159095,-0.1125636
51.5157510,-0.1124672
51.5159624,-0.1128140
51.5158652,-0.1127490
51.5157257,-0.1132139
51.5158944,-0.1125539
51.5158123,-0.1128896
51.5157892,-0.1129741
51.5158240,-0.1128502
51.5158458,-0.1127701
51.5153502,-0.1129664
51.5157108,-0.1128260
51.5157205,-0.1127868
51.5157317,-0.1124559
51.5161773,-0.1127755
51.5160037,-0.1127105
51.5160636,-0.1127296
51.5164861,-0.1301359
51.5163575,-0.1300988
51.5162415,-0.1303417
51.5158559,-0.1300034
51.5162433,-0.1302805
51.5132507,-0.1289619
51.5131645,-0.1293581
51.5134520,-0.1294461
51.5133118,-0.1292096
51.5132939,-0.1288894
51.5155304,-0.1268757
51.5157313,-0.1265586
51.5155246,-0.1268060
51.5156391,-0.1266630
51.5155998,-0.1266278
51.5156824,-0.1265325
51.5154882,-0.1268352
51.5153144,-0.1129415
51.5152957,-0.1129594
51.5154317,-0.1129959
51.5154367,-0.1129776
51.5154264,-0.1130163
51.5158170,-0.1145677
51.5159365,-0.1141163
51.5159766,-0.1146741
51.5162331,-0.1136812
51.5160901,-0.1142165
51.5156060,-0.1138973
51.5153113,-0.1129537
51.5230507,-0.1364544
51.5159157,-0.1141005
51.5212581,-0.1405586
51.5222166,-0.1365584
51.5221286,-0.1364721
51.5152659,-0.1287835
51.5152691,-0.1287045
51.5152716,-0.1286418
51.5154167,-0.1285838
51.5154400,-0.1280891
51.5151752,-0.1287545
51.5152682,-0.1287305
51.5121572,-0.1256465
51.5122490,-0.1257597
51.5160931,-0.1327431
51.5233214,-0.1109365
51.5233466,-0.1110468
51.5232979,-0.1110767
51.5232376,-0.1105912
51.5228773,-0.1104156
51.5225881,-0.1110243
51.5227153,-0.1128352
51.5234108,-0.1124922
51.5229843,-0.1130777
51.5231950,-0.1123982
51.5233120,-0.1126363
51.5232551,-0.1125219
51.5226024,-0.1125939
51.5226455,-0.1125679
51.5227407,-0.1124981
51.5230094,-0.1124282
51.5127101,-0.1223450
51.5139649,-0.1335039
51.5140621,-0.1335805
51.5128160,-0.1310876
51.5128391,-0.1309451
51.5129163,-0.1308175
51.5126265,-0.1315974
51.5125575,-0.1317011
51.5131372,-0.1302347
51.5130906,-0.1303490
51.5139225,-0.1294545
51.5138766,-0.1293896
51.5131569,-0.1220258
51.5132367,-0.1218910
51.5221108,-0.1355851
51.5160407,-0.1339999
51.5121916,-0.1222440
51.5183213,-0.1229196
51.5174814,-0.1204871
51.5176013,-0.1203847
51.5175132,-0.1202246
51.5176386,-0.1205902
51.5175377,-0.1205669
51.5175909,-0.1201317
51.5214848,-0.1350420
51.5194056,-0.1182072
51.5221674,-0.1248207
51.5214973,-0.1243764
51.5222403,-0.1249039
51.5214529,-0.1243325
51.5215294,-0.1243247
51.5188577,-0.1210068
51.5191095,-0.1212571
51.5194112,-0.1200475
51.5194809,-0.1202124
51.5188864,-0.1208983
51.5190883,-0.1211495
51.5194744,-0.1200882
51.5194561,-0.1199639
51.5194977,-0.1201270
51.5177745,-0.1189318
51.5177620,-0.1190780
51.5177232,-0.1189771
51.5177520,-0.1186350
51.5121592,-0.1343134
51.5169068,-0.1351980
51.5169324,-0.1351003
51.5170066,-0.1347914
51.5171568,-0.1342208
51.5172622,-0.1338510
51.5177303,-0.1346597
51.5177909,-0.1346409
51.5224864,-0.1270032
51.5172503,-0.1251820
51.5171194,-0.1250724
51.5171641,-0.1251073
51.5171228,-0.1253224
51.5171684,-0.1250574
51.5170832,-0.1250667
51.5171724,-0.1248739
51.5137657,-0.1412873
51.5137800,-0.1412421
51.5121022,-0.1399144
51.5138125,-0.1411402
51.5120615,-0.1399042
51.5136179,-0.1412999
51.5124813,-0.1403180
51.5124956,-0.1402819
51.5137017,-0.1410062
51.5130055,-0.1406865
51.5131230,-0.1408716
51.5137902,-0.1410785
51.5130214,-0.1407588
51.5120507,-0.1395587
51.5121826,-0.1396805
51.5219221,-0.1366643
51.5218340,-0.1368645
51.5214818,-0.1376495
51.5154824,-0.1343460
51.5222695,-0.1381203
51.5129881,-0.1194118
51.5169007,-0.1188380
51.5120560,-0.1333910
51.5153235,-0.1335173
51.5155932,-0.1337892
51.5156303,-0.1337915
51.5153215,-0.1335932
51.5162053,-0.1244422
51.5162789,-0.1245680
51.5163471,-0.1243966
51.5162542,-0.1243300
51.5163624,-0.1264145
51.5168459,-0.1268377
51.5127263,-0.1145042
51.5215149,-0.1408209
51.5216969,-0.1410640
51.5218321,-0.1411239
51.5215133,-0.1408296
51.5221187,-0.1410874
51.5215214,-0.1407857
51.5227488,-0.1227224
51.5216413,-0.1332347
51.5214984,-0.1335721
51.5180630,-0.1158226
51.5180164,-0.1158119
51.5177948,-0.1139155
51.5221795,-0.1359522
51.5192871,-0.1327817
51.5216931,-0.1353907
51.5229230,-0.1368501
51.5221833,-0.1360383
51.5227617,-0.1371469
51.5215880,-0.1353066
51.5221391,-0.1334922
51.5219826,-0.1337986
51.5219153,-0.1339407
51.5217158,-0.1344371
51.5216671,-0.1343855
51.5215639,-0.1342807
51.5215726,-0.1348019
51.5220334,-0.1357921
51.5225752,-0.1362137
51.5179840,-0.1230879
51.5184542,-0.1224006
51.5221481,-0.1361268
51.5192781,-0.1304279
51.5190274,-0.1311276
51.5223422,-0.1116604
51.5222508,-0.1102919
51.5174385,-0.1311244
51.5171379,-0.1270915
51.5176304,-0.1274902
51.5238309,-0.1341291
51.5238270,-0.1340409
51.5195176,-0.1294202
51.5180421,-0.1278218
51.5205000,-0.1304775
51.5216212,-0.1317326
51.5226759,-0.1328807
51.5212527,-0.1313280
51.5222662,-0.1324338
51.5227351,-0.1328334
51.5170739,-0.1270330
51.5199975,-0.1341291
51.5183646,-0.1127351
51.5185204,-0.1127445
51.5136339,-0.1176412
51.5135910,-0.1178256
51.5158320,-0.1366471
51.5158974,-0.1360072
51.5158182,-0.1367819
51.5158044,-0.1369040
51.5157807,-0.1376561
