     
nature id: 75317114
51.5218781,-0.1271318
51.5218820,-0.1270727
51.5218531,-0.1269093
51.5218312,-0.1268754
51.5218101,-0.1268767
51.5217991,-0.1269081
51.5218148,-0.1269722
51.5218367,-0.1271242
51.5218578,-0.1271531
51.5218781,-0.1271318
nature_type: scrub
     
nature id: 75317115
51.5223903,-0.1255873
51.5221753,-0.1253265
51.5221586,-0.1253658
51.5221938,-0.1254113
51.5222153,-0.1255040
51.5222583,-0.1254883
51.5222926,-0.1255025
51.5223825,-0.1256014
51.5223903,-0.1255873
nature_type: scrub
     
nature id: 75317116
51.5210953,-0.1258227
51.5210779,-0.1258421
51.5210666,-0.1258324
51.5210613,-0.1258044
51.5210870,-0.1257254
51.5211104,-0.1256696
51.5211354,-0.1256489
51.5211611,-0.1256513
51.5211694,-0.1256696
51.5211694,-0.1256975
51.5211513,-0.1257169
51.5211316,-0.1257254
51.5211127,-0.1257558
51.5210953,-0.1258227
nature_type: scrub
     
nature id: 75317118
51.5217624,-0.1262643
51.5217866,-0.1262204
51.5218054,-0.1261575
51.5217952,-0.1261211
51.5217757,-0.1261223
51.5217397,-0.1261864
51.5217233,-0.1262518
51.5217350,-0.1262807
51.5217624,-0.1262643
nature_type: scrub
     
nature id: 75317120
51.5219583,-0.1251160
51.5219407,-0.1251129
51.5219338,-0.1251302
51.5219456,-0.1251616
51.5219944,-0.1252323
51.5220198,-0.1252543
51.5220384,-0.1252543
51.5220414,-0.1252323
51.5220286,-0.1252024
51.5219583,-0.1251160
nature_type: scrub
     
nature id: 75317121
51.5221479,-0.1268079
51.5221498,-0.1267466
51.5222017,-0.1266194
51.5222339,-0.1265754
51.5222515,-0.1265785
51.5222544,-0.1266068
51.5222095,-0.1266963
51.5221733,-0.1267906
51.5221606,-0.1268110
51.5221479,-0.1268079
nature_type: scrub
     
nature id: 75317122
51.5209920,-0.1261831
51.5209973,-0.1261649
51.5209739,-0.1260896
51.5209519,-0.1260556
51.5209368,-0.1260458
51.5209308,-0.1260556
51.5209255,-0.1261588
51.5209360,-0.1261771
51.5209920,-0.1261831
nature_type: scrub
     
nature id: 75317125
51.5219752,-0.1272907
51.5219480,-0.1272705
51.5218835,-0.1272469
51.5218014,-0.1272548
51.5217280,-0.1273035
51.5216958,-0.1273500
51.5217281,-0.1273748
51.5217927,-0.1273839
51.5218981,-0.1273635
51.5219752,-0.1272907
nature_type: scrub
     
nature id: 75317126
51.5218702,-0.1258703
51.5218389,-0.1259004
51.5217959,-0.1259004
51.5217701,-0.1258602
51.5217748,-0.1258263
51.5218021,-0.1258150
51.5218561,-0.1258301
51.5218702,-0.1258703
nature_type: scrub
     
nature id: 75317129
51.5223072,-0.1260648
51.5223209,-0.1260319
51.5223092,-0.1260083
51.5222769,-0.1260083
51.5222388,-0.1260303
51.5221977,-0.1260256
51.5221645,-0.1260240
51.5221420,-0.1260476
51.5221586,-0.1260884
51.5221977,-0.1260978
51.5222681,-0.1260774
51.5223072,-0.1260648
nature_type: scrub
     
nature id: 75317131
51.5214061,-0.1248610
51.5214027,-0.1248852
51.5214240,-0.1248971
51.5214788,-0.1249087
51.5215764,-0.1248951
51.5216236,-0.1248582
51.5216867,-0.1247800
51.5216621,-0.1247585
51.5216172,-0.1247405
51.5215389,-0.1247427
51.5214723,-0.1247775
51.5214341,-0.1248284
51.5214061,-0.1248610
nature_type: scrub
     
nature id: 75317132
51.5219065,-0.1250689
51.5218693,-0.1249919
51.5217999,-0.1249212
51.5217677,-0.1248992
51.5217511,-0.1249165
51.5217598,-0.1249495
51.5217853,-0.1249652
51.5218058,-0.1250265
51.5218586,-0.1250673
51.5218889,-0.1250909
51.5219065,-0.1250689
nature_type: scrub
     
nature id: 75317134
51.5217154,-0.1257949
51.5217154,-0.1257133
51.5216873,-0.1255989
51.5216614,-0.1255750
51.5216474,-0.1255976
51.5216474,-0.1256793
51.5216779,-0.1257811
51.5216998,-0.1258050
51.5217154,-0.1257949
nature_type: scrub
     
nature id: 75317137
51.5215901,-0.1261836
51.5215648,-0.1261940
51.5215429,-0.1261709
51.5215098,-0.1261623
51.5214725,-0.1261825
51.5214431,-0.1261825
51.5214275,-0.1261573
51.5214413,-0.1261277
51.5214829,-0.1261138
51.5215271,-0.1261109
51.5215713,-0.1261346
51.5215878,-0.1261497
51.5215901,-0.1261836
nature_type: scrub
     
nature id: 75317138
51.5216241,-0.1262387
51.5216429,-0.1262701
51.5216578,-0.1263732
51.5216437,-0.1263996
51.5216327,-0.1263958
51.5216077,-0.1263518
51.5216007,-0.1262802
51.5216085,-0.1262450
51.5216241,-0.1262387
nature_type: scrub
     
nature id: 75317139
51.5212191,-0.1255738
51.5212516,-0.1255422
51.5212848,-0.1255264
51.5212909,-0.1254936
51.5213045,-0.1254353
51.5213045,-0.1254049
51.5212947,-0.1253891
51.5212833,-0.1254001
51.5212576,-0.1254730
51.5212312,-0.1255155
51.5212108,-0.1255459
51.5212100,-0.1255690
51.5212191,-0.1255738
nature_type: scrub
     
nature id: 75317140
51.5224265,-0.1256863
51.5224519,-0.1258031
51.5224414,-0.1258415
51.5224245,-0.1258686
51.5222554,-0.1259219
51.5222036,-0.1259140
51.5221955,-0.1258822
51.5222159,-0.1258618
51.5223978,-0.1258009
51.5224154,-0.1257647
51.5224157,-0.1256925
51.5224265,-0.1256863
nature_type: scrub
     
nature id: 75317141
51.5213438,-0.1252562
51.5213506,-0.1252174
51.5213453,-0.1251554
51.5213559,-0.1250873
51.5213854,-0.1250314
51.5213877,-0.1249840
51.5213733,-0.1249719
51.5213446,-0.1249998
51.5213143,-0.1250703
51.5212977,-0.1251432
51.5213060,-0.1252137
51.5213204,-0.1252538
51.5213438,-0.1252562
nature_type: scrub
     
nature id: 75317142
51.5215395,-0.1257818
51.5215294,-0.1257328
51.5215106,-0.1257177
51.5214887,-0.1257441
51.5214543,-0.1258383
51.5214512,-0.1258924
51.5214652,-0.1259150
51.5215059,-0.1258848
51.5215317,-0.1258132
51.5215395,-0.1257818
nature_type: scrub
     
nature id: 75317143
51.5209706,-0.1264050
51.5209517,-0.1263803
51.5209281,-0.1263063
51.5209364,-0.1262854
51.5209801,-0.1262816
51.5210002,-0.1262949
51.5209943,-0.1263519
51.5209706,-0.1264050
nature_type: scrub
     
nature id: 75821287
51.5192746,-0.1192049
51.5192396,-0.1191773
51.5192364,-0.1192098
51.5192314,-0.1192332
51.5191771,-0.1194069
51.5191613,-0.1194435
51.5191322,-0.1194862
51.5191070,-0.1195024
51.5190684,-0.1195024
51.5190387,-0.1194963
51.5190084,-0.1194730
51.5189995,-0.1195045
51.5191024,-0.1195884
51.5191618,-0.1195571
51.5192746,-0.1192049
nature_type: scrub
     
nature id: 75821288
51.5192130,-0.1183517
51.5192513,-0.1183827
51.5192857,-0.1183709
51.5193333,-0.1183799
51.5193620,-0.1184287
51.5193760,-0.1184820
51.5194190,-0.1185167
51.5194163,-0.1184682
51.5194110,-0.1184388
51.5193957,-0.1183962
51.5193802,-0.1183755
51.5193064,-0.1183186
51.5192903,-0.1183125
51.5192584,-0.1183142
51.5192370,-0.1183251
51.5192130,-0.1183517
nature_type: scrub
     
nature id: 75821290
51.5190218,-0.1187494
51.5191901,-0.1182045
51.5192502,-0.1181712
51.5193545,-0.1182524
51.5193441,-0.1182836
51.5193107,-0.1182600
51.5192859,-0.1182519
51.5192505,-0.1182511
51.5192167,-0.1182722
51.5191878,-0.1183144
51.5191742,-0.1183478
51.5191034,-0.1185818
51.5190933,-0.1186297
51.5190999,-0.1186996
51.5191100,-0.1187484
51.5191176,-0.1187565
51.5191014,-0.1187703
51.5190781,-0.1187963
51.5190218,-0.1187494
nature_type: scrub
     
nature id: 75821292
51.5191413,-0.1194092
51.5191028,-0.1193790
51.5190685,-0.1193917
51.5190208,-0.1193838
51.5189916,-0.1193356
51.5189772,-0.1192826
51.5189339,-0.1192489
51.5189370,-0.1192974
51.5189426,-0.1193267
51.5189582,-0.1193689
51.5189739,-0.1193892
51.5190482,-0.1194445
51.5190644,-0.1194502
51.5190963,-0.1194477
51.5191175,-0.1194364
51.5191413,-0.1194092
nature_type: scrub
     
nature id: 75821293
51.5193769,-0.1182701
51.5193642,-0.1183025
51.5194043,-0.1183350
51.5194196,-0.1183545
51.5194427,-0.1184065
51.5194520,-0.1184507
51.5194522,-0.1185195
51.5194448,-0.1185581
51.5193707,-0.1188018
51.5193573,-0.1188419
51.5193191,-0.1188685
51.5192825,-0.1188694
51.5192858,-0.1189454
51.5193404,-0.1189936
51.5195067,-0.1184522
51.5194856,-0.1183569
51.5193769,-0.1182701
nature_type: scrub
     
nature id: 75821294
51.5189677,-0.1194823
51.5189785,-0.1194509
51.5189507,-0.1194314
51.5189304,-0.1193989
51.5189082,-0.1193510
51.5188991,-0.1192998
51.5189021,-0.1192307
51.5189107,-0.1191917
51.5189762,-0.1189867
51.5189924,-0.1189574
51.5190182,-0.1189298
51.5190531,-0.1189241
51.5190693,-0.1189266
51.5190627,-0.1188965
51.5190632,-0.1188437
51.5190067,-0.1187979
51.5188495,-0.1193081
51.5188664,-0.1194023
51.5189677,-0.1194823
nature_type: scrub
     
nature id: 376650105
51.5157152,-0.1136924
51.5157090,-0.1136404
51.5157023,-0.1136463
51.5156950,-0.1136499
51.5156866,-0.1136510
51.5156800,-0.1136498
51.5156737,-0.1136466
51.5156642,-0.1136376
51.5156578,-0.1136268
51.5156525,-0.1136106
51.5156311,-0.1136425
51.5156390,-0.1136616
51.5156471,-0.1136748
51.5156582,-0.1136872
51.5156699,-0.1136952
51.5156810,-0.1136993
51.5156950,-0.1137000
51.5157152,-0.1136924
nature_type: water
     
nature id: 376650111
51.5157234,-0.1135735
51.5157496,-0.1135462
51.5157424,-0.1135277
51.5157347,-0.1135145
51.5157285,-0.1135065
51.5157170,-0.1134960
51.5157033,-0.1134890
51.5156883,-0.1134869
51.5156756,-0.1134894
51.5156626,-0.1134964
51.5156697,-0.1135387
51.5156797,-0.1135327
51.5156902,-0.1135314
51.5157017,-0.1135356
51.5157115,-0.1135450
51.5157191,-0.1135588
51.5157234,-0.1135735
nature_type: water
     
nature id: 562339287
51.5126371,-0.1106441
51.5126453,-0.1106424
51.5126534,-0.1106452
51.5126604,-0.1106522
51.5126656,-0.1106624
51.5126684,-0.1106749
51.5126684,-0.1106881
51.5126658,-0.1107006
51.5126607,-0.1107110
51.5126541,-0.1107179
51.5126464,-0.1107211
51.5126385,-0.1107201
51.5126313,-0.1107153
51.5126253,-0.1107069
51.5126213,-0.1106959
51.5126197,-0.1106835
51.5126207,-0.1106709
51.5126240,-0.1106595
51.5126298,-0.1106500
51.5126371,-0.1106441
nature_type: water
     
nature id: 562340762
51.5124805,-0.1119827
51.5124785,-0.1119782
51.5124776,-0.1119729
51.5124778,-0.1119674
51.5124792,-0.1119623
51.5124815,-0.1119583
51.5124846,-0.1119557
51.5124880,-0.1119550
51.5124912,-0.1119560
51.5124940,-0.1119585
51.5124962,-0.1119624
51.5124975,-0.1119671
51.5124978,-0.1119723
51.5124970,-0.1119774
51.5124953,-0.1119818
51.5124929,-0.1119852
51.5124898,-0.1119871
51.5124866,-0.1119874
51.5124833,-0.1119859
51.5124805,-0.1119827
nature_type: water
