     
leisure id: 3241371
51.5214017,-0.1247012
51.5213462,-0.1247949
51.5212028,-0.1251214
51.5211857,-0.1251625
51.5210820,-0.1254143
51.5210743,-0.1254289
51.5208517,-0.1259657
51.5208229,-0.1260989
51.5208222,-0.1262536
51.5208348,-0.1263597
51.5208650,-0.1264579
51.5209191,-0.1265663
51.5216336,-0.1274435
51.5217059,-0.1275023
51.5217853,-0.1275260
51.5218478,-0.1275248
51.5218935,-0.1275135
51.5219414,-0.1274874
51.5220064,-0.1274124
51.5224580,-0.1264000
51.5225365,-0.1261732
51.5225643,-0.1260300
51.5225664,-0.1258596
51.5225341,-0.1256902
51.5225042,-0.1256122
51.5224639,-0.1255322
51.5217614,-0.1247103
51.5216912,-0.1246459
51.5216251,-0.1246132
51.5215570,-0.1246120
51.5214989,-0.1246297
51.5214579,-0.1246572
51.5214017,-0.1247012
leisure_type: park
     
leisure id: 4075108
51.5170660,-0.1140380
51.5167795,-0.1138453
51.5163205,-0.1135394
51.5161918,-0.1140672
51.5164983,-0.1142725
51.5165645,-0.1140721
51.5169350,-0.1143290
51.5167832,-0.1149077
51.5174253,-0.1153353
51.5174417,-0.1152287
51.5176254,-0.1153455
51.5176625,-0.1152318
51.5177221,-0.1152483
51.5177981,-0.1146778
51.5175521,-0.1144089
51.5170660,-0.1140380
leisure_type: park
     
leisure id: 4075111
51.5161520,-0.1135914
51.5153685,-0.1130760
51.5152444,-0.1135956
51.5160146,-0.1141136
51.5161520,-0.1135914
leisure_type: garden
     
leisure id: 4253286
51.5236418,-0.1301094
51.5237200,-0.1299276
51.5237249,-0.1299041
51.5237244,-0.1298810
51.5230763,-0.1291620
51.5230377,-0.1291376
51.5229985,-0.1291403
51.5229614,-0.1291718
51.5229355,-0.1292369
51.5229284,-0.1292986
51.5229450,-0.1293868
51.5229935,-0.1294635
51.5235975,-0.1301273
51.5236418,-0.1301094
leisure_type: park
     
leisure id: 4253288
51.5245756,-0.1318040
51.5245916,-0.1317654
51.5247323,-0.1314320
51.5248783,-0.1310882
51.5249241,-0.1309867
51.5239849,-0.1299393
51.5239135,-0.1299441
51.5235724,-0.1307133
51.5245495,-0.1317781
51.5245756,-0.1318040
leisure_type: park
     
leisure id: 4253431
51.5190684,-0.1306792
51.5191627,-0.1305225
51.5192750,-0.1302392
51.5193437,-0.1300069
51.5193690,-0.1298067
51.5193712,-0.1296670
51.5193508,-0.1295543
51.5193110,-0.1294353
51.5192632,-0.1293633
51.5192254,-0.1293207
51.5191751,-0.1292798
51.5190949,-0.1292538
51.5190190,-0.1292828
51.5189326,-0.1293556
51.5188635,-0.1294381
51.5187698,-0.1296038
51.5186956,-0.1297692
51.5186357,-0.1299355
51.5185956,-0.1301119
51.5185881,-0.1302152
51.5185904,-0.1303285
51.5185985,-0.1304440
51.5186336,-0.1305683
51.5186773,-0.1306534
51.5187357,-0.1307522
51.5188209,-0.1308079
51.5189021,-0.1308104
51.5189876,-0.1307723
51.5190684,-0.1306792
leisure_type: park
     
leisure id: 4253646
51.5220901,-0.1230341
51.5222397,-0.1225975
51.5221446,-0.1225260
51.5217870,-0.1222445
51.5214192,-0.1218973
51.5213499,-0.1221097
51.5212730,-0.1223456
51.5216599,-0.1226808
51.5220226,-0.1229787
51.5220901,-0.1230341
leisure_type: park
     
leisure id: 4253657
51.5195067,-0.1184522
51.5193404,-0.1189936
51.5193301,-0.1190270
51.5192746,-0.1192049
51.5191618,-0.1195571
51.5191024,-0.1195884
51.5189824,-0.1194939
51.5189677,-0.1194823
51.5188664,-0.1194023
51.5188495,-0.1193081
51.5190067,-0.1187979
51.5190145,-0.1187729
51.5190218,-0.1187494
51.5191901,-0.1182045
51.5192502,-0.1181712
51.5193545,-0.1182524
51.5193633,-0.1182593
51.5193769,-0.1182701
51.5194856,-0.1183569
51.5195067,-0.1184522
leisure_type: park
     
leisure id: 4272920
51.5190046,-0.1347994
51.5190303,-0.1348262
51.5190785,-0.1348766
51.5191317,-0.1349321
51.5191558,-0.1348724
51.5191800,-0.1348125
51.5192057,-0.1347489
51.5193006,-0.1348479
51.5193317,-0.1347644
51.5194721,-0.1344115
51.5194249,-0.1343660
51.5193326,-0.1342683
51.5192540,-0.1341890
51.5192214,-0.1342662
51.5190046,-0.1347994
leisure_type: park
     
leisure id: 4315778
51.5191816,-0.1139872
51.5192001,-0.1139962
51.5191904,-0.1140481
51.5192555,-0.1140794
51.5192491,-0.1141178
51.5192589,-0.1141381
51.5192519,-0.1141757
51.5192372,-0.1141811
51.5192126,-0.1143092
51.5192226,-0.1143311
51.5192146,-0.1143739
51.5191993,-0.1143804
51.5191927,-0.1144157
51.5192092,-0.1144413
51.5192253,-0.1144648
51.5192420,-0.1145080
51.5192548,-0.1145601
51.5192743,-0.1145903
51.5193393,-0.1146304
51.5193889,-0.1146574
51.5194139,-0.1146569
51.5194340,-0.1146565
51.5195005,-0.1146953
51.5195482,-0.1144909
51.5195832,-0.1145088
51.5198681,-0.1146716
51.5208173,-0.1152138
51.5207827,-0.1153684
51.5208583,-0.1154096
51.5208910,-0.1154237
51.5209460,-0.1152012
51.5213096,-0.1136537
51.5211932,-0.1135831
51.5212159,-0.1134864
51.5211378,-0.1134352
51.5211075,-0.1135562
51.5203268,-0.1130514
51.5202209,-0.1129794
51.5201208,-0.1135950
51.5200004,-0.1135409
51.5193298,-0.1132231
51.5192344,-0.1137047
51.5191816,-0.1139872
leisure_type: park
     
leisure id: 4382816
51.5157897,-0.1265274
51.5161824,-0.1262995
51.5158923,-0.1260825
51.5157897,-0.1265274
leisure_type: park
     
leisure id: 4393572
51.5194796,-0.1229973
51.5194394,-0.1228901
51.5189928,-0.1223911
51.5189536,-0.1223467
51.5188942,-0.1222793
51.5186412,-0.1220028
51.5184885,-0.1223531
51.5182877,-0.1227742
51.5185716,-0.1230927
51.5186425,-0.1231724
51.5191016,-0.1237045
51.5191733,-0.1237268
51.5192144,-0.1236930
51.5192373,-0.1236410
51.5194583,-0.1231433
51.5194846,-0.1230775
51.5194796,-0.1229973
leisure_type: park
     
leisure id: 4969746
51.5113805,-0.1105735
51.5114711,-0.1105871
51.5114699,-0.1105343
51.5114815,-0.1105130
51.5114798,-0.1104611
51.5114754,-0.1104572
51.5114717,-0.1104516
51.5114689,-0.1104448
51.5114672,-0.1104372
51.5114667,-0.1104291
51.5114674,-0.1104210
51.5114692,-0.1104135
51.5114721,-0.1104068
51.5114763,-0.1104011
51.5114812,-0.1103973
51.5114865,-0.1103957
51.5114920,-0.1103962
51.5114972,-0.1103990
51.5115017,-0.1104038
51.5115054,-0.1104104
51.5115078,-0.1104182
51.5115090,-0.1104267
51.5115088,-0.1104355
51.5115379,-0.1104448
51.5115538,-0.1104254
51.5115907,-0.1104381
51.5116011,-0.1104688
51.5116685,-0.1104922
51.5116856,-0.1104725
51.5117183,-0.1104833
51.5117294,-0.1105149
51.5117567,-0.1105243
51.5117592,-0.1105155
51.5117630,-0.1105080
51.5117677,-0.1105021
51.5117732,-0.1104982
51.5117791,-0.1104965
51.5117851,-0.1104971
51.5117908,-0.1105000
51.5117960,-0.1105050
51.5118002,-0.1105118
51.5118033,-0.1105200
51.5118051,-0.1105291
51.5118055,-0.1105387
51.5118044,-0.1105482
51.5118017,-0.1105578
51.5117905,-0.1105810
51.5118383,-0.1105978
51.5118394,-0.1105906
51.5118960,-0.1106113
51.5118951,-0.1106171
51.5121027,-0.1106930
51.5121040,-0.1106835
51.5121582,-0.1107033
51.5121572,-0.1107103
51.5122298,-0.1107368
51.5122878,-0.1106712
51.5124079,-0.1101230
51.5125197,-0.1096122
51.5118934,-0.1094647
51.5119257,-0.1089966
51.5121172,-0.1089966
51.5121541,-0.1089705
51.5121762,-0.1088922
51.5121556,-0.1088353
51.5121290,-0.1087997
51.5119672,-0.1087994
51.5119647,-0.1087564
51.5115870,-0.1087578
51.5115884,-0.1087097
51.5115311,-0.1086871
51.5115311,-0.1086559
51.5115317,-0.1085828
51.5115242,-0.1085747
51.5115244,-0.1085389
51.5115322,-0.1085298
51.5115328,-0.1084662
51.5115308,-0.1084081
51.5115180,-0.1084102
51.5114661,-0.1084167
51.5113433,-0.1084291
51.5112327,-0.1084288
51.5112040,-0.1084295
51.5111712,-0.1105706
51.5113805,-0.1105735
leisure_type: garden
     
leisure id: 29206501
51.5161240,-0.1100193
51.5162536,-0.1100371
51.5162522,-0.1098420
51.5162519,-0.1097706
51.5162519,-0.1097581
51.5162103,-0.1097589
51.5162092,-0.1096422
51.5161065,-0.1096554
51.5161217,-0.1099468
51.5161240,-0.1100193
leisure_type: garden
     
leisure id: 30131571
51.5208486,-0.1355977
51.5208244,-0.1355725
51.5207541,-0.1354993
51.5208801,-0.1351869
51.5208205,-0.1351244
51.5207267,-0.1350271
51.5207118,-0.1350116
51.5208340,-0.1347087
51.5209432,-0.1348284
51.5209004,-0.1349346
51.5209486,-0.1349813
51.5209914,-0.1348752
51.5210967,-0.1349823
51.5208486,-0.1355977
leisure_type: park
     
leisure id: 30275204
51.5222169,-0.1331075
51.5212126,-0.1320244
51.5212496,-0.1319395
51.5222565,-0.1330183
51.5222169,-0.1331075
leisure_type: garden
     
leisure id: 30613392
51.5153008,-0.1174707
51.5153176,-0.1175787
51.5158581,-0.1179726
51.5162836,-0.1182849
51.5164708,-0.1182026
51.5166367,-0.1181157
51.5168638,-0.1170063
51.5171155,-0.1157879
51.5170341,-0.1155788
51.5169930,-0.1154856
51.5165717,-0.1152117
51.5161202,-0.1149182
51.5160146,-0.1149416
51.5159472,-0.1149727
51.5156150,-0.1161627
51.5152861,-0.1173411
51.5153008,-0.1174707
leisure_type: park
     
leisure id: 30613616
51.5199069,-0.1131342
51.5199667,-0.1128370
51.5199551,-0.1128008
51.5197680,-0.1127036
51.5195921,-0.1126122
51.5195693,-0.1126307
51.5195096,-0.1129279
51.5195209,-0.1129662
51.5196968,-0.1130576
51.5198839,-0.1131548
51.5199069,-0.1131342
leisure_type: garden
     
leisure id: 40879988
51.5123638,-0.1328562
51.5125443,-0.1323863
51.5124042,-0.1322496
51.5123701,-0.1323356
51.5123111,-0.1322812
51.5123480,-0.1321775
51.5122182,-0.1320507
51.5120309,-0.1325048
51.5123638,-0.1328562
leisure_type: garden
     
leisure id: 40952618
51.5142267,-0.1340505
51.5143284,-0.1341218
51.5143372,-0.1340919
51.5143481,-0.1340728
51.5142419,-0.1339978
51.5142267,-0.1340505
leisure_type: fitness_centre
     
leisure id: 41117901
51.5146702,-0.1285707
51.5149102,-0.1286094
51.5149595,-0.1285541
51.5150470,-0.1285856
51.5150537,-0.1285235
51.5151847,-0.1285618
51.5152013,-0.1285665
51.5152315,-0.1281001
51.5154383,-0.1281254
51.5155070,-0.1281347
51.5155066,-0.1278940
51.5150621,-0.1279110
51.5150485,-0.1280198
51.5148372,-0.1279312
51.5147922,-0.1279885
51.5147297,-0.1282291
51.5147385,-0.1282391
51.5147086,-0.1283762
51.5146702,-0.1285707
leisure_type: park
     
leisure id: 41180742
51.5207218,-0.1123608
51.5208438,-0.1117784
51.5204950,-0.1115897
51.5203785,-0.1121577
51.5207218,-0.1123608
leisure_type: garden
     
leisure id: 41234710
51.5209811,-0.1109912
51.5209340,-0.1112410
51.5206964,-0.1111253
51.5207435,-0.1108756
51.5209811,-0.1109912
leisure_type: pitch
     
leisure id: 42018705
51.5149115,-0.1286162
51.5149085,-0.1287318
51.5149596,-0.1287897
51.5148676,-0.1289574
51.5144506,-0.1286488
51.5142838,-0.1285253
51.5144036,-0.1283455
51.5145121,-0.1281773
51.5146215,-0.1283173
51.5146933,-0.1284073
51.5146599,-0.1285804
51.5146642,-0.1285809
51.5147472,-0.1285928
51.5149115,-0.1286162
leisure_type: garden
     
leisure id: 55736532
51.5249418,-0.1214660
51.5241328,-0.1210060
51.5240956,-0.1211808
51.5239557,-0.1218130
51.5239779,-0.1219349
51.5240305,-0.1220564
51.5240991,-0.1222109
51.5242738,-0.1223661
51.5243081,-0.1223968
51.5246346,-0.1223695
51.5247169,-0.1222994
51.5248717,-0.1216863
51.5249283,-0.1215408
51.5249418,-0.1214660
leisure_type: park
     
leisure id: 55737057
51.5238469,-0.1184821
51.5238265,-0.1185635
51.5237834,-0.1187341
51.5237918,-0.1187395
51.5236628,-0.1192508
51.5236464,-0.1192401
51.5236150,-0.1193648
51.5235948,-0.1194469
51.5235776,-0.1195184
51.5235568,-0.1196058
51.5235257,-0.1197306
51.5235417,-0.1197409
51.5234144,-0.1202510
51.5234056,-0.1202453
51.5233625,-0.1204183
51.5233460,-0.1204828
51.5239160,-0.1208684
51.5239597,-0.1208952
51.5239853,-0.1209109
51.5241328,-0.1210060
51.5249418,-0.1214660
51.5249642,-0.1213681
51.5249671,-0.1213529
51.5252176,-0.1202597
51.5253523,-0.1196715
51.5253744,-0.1195855
51.5253998,-0.1194870
51.5244588,-0.1188459
51.5238469,-0.1184821
leisure_type: park
     
leisure id: 59235599
51.5216040,-0.1195737
51.5217144,-0.1193706
51.5214216,-0.1191517
51.5213848,-0.1192025
51.5213678,-0.1193037
51.5216040,-0.1195737
leisure_type: playground
     
leisure id: 65489507
51.5150395,-0.1388995
51.5150632,-0.1388866
51.5151079,-0.1387221
51.5149771,-0.1386320
51.5149247,-0.1388233
51.5150395,-0.1388995
leisure_type: sauna
     
leisure id: 65489542
51.5146766,-0.1390661
51.5147794,-0.1391397
51.5148007,-0.1390555
51.5148103,-0.1390174
51.5148470,-0.1388860
51.5147752,-0.1388329
51.5147740,-0.1388403
51.5147474,-0.1388191
51.5147303,-0.1388788
51.5146766,-0.1390661
leisure_type: sports_centre
     
leisure id: 80119142
51.5141538,-0.1218432
51.5140254,-0.1220024
51.5139764,-0.1219062
51.5139667,-0.1219168
51.5139088,-0.1217907
51.5140504,-0.1216314
51.5141538,-0.1218432
leisure_type: garden
     
leisure id: 80119149
51.5138676,-0.1205717
51.5138058,-0.1206269
51.5138251,-0.1206698
51.5136389,-0.1208427
51.5135359,-0.1205658
51.5137225,-0.1203976
51.5137392,-0.1204480
51.5138015,-0.1203977
51.5138676,-0.1205717
leisure_type: playground
     
leisure id: 95143065
51.5155310,-0.1255734
51.5153420,-0.1253410
51.5152872,-0.1254498
51.5154816,-0.1256820
51.5155310,-0.1255734
leisure_type: swimming_pool
     
leisure id: 97237937
51.5157481,-0.1227430
51.5159283,-0.1224262
51.5158354,-0.1222269
51.5159419,-0.1220844
51.5158952,-0.1220248
51.5155678,-0.1224258
51.5155907,-0.1224662
51.5157481,-0.1227430
leisure_type: sports_centre
     
leisure id: 100045392
51.5202254,-0.1211913
51.5201832,-0.1213130
51.5201713,-0.1213477
51.5201653,-0.1213651
51.5204662,-0.1216337
51.5204747,-0.1216089
51.5205515,-0.1213868
51.5204803,-0.1213232
51.5204551,-0.1213963
51.5202254,-0.1211913
leisure_type: playground
     
leisure id: 123308587
51.5141910,-0.1203535
51.5141610,-0.1202865
51.5141026,-0.1203401
51.5141326,-0.1204232
51.5141910,-0.1203535
leisure_type: playground
     
leisure id: 126705975
51.5136271,-0.1208209
51.5135162,-0.1209214
51.5134304,-0.1206949
51.5135422,-0.1205929
51.5136271,-0.1208209
leisure_type: pitch
     
leisure id: 128200292
51.5123936,-0.1117774
51.5123998,-0.1117397
51.5123863,-0.1117320
51.5123895,-0.1117178
51.5123655,-0.1117042
51.5123627,-0.1117170
51.5123501,-0.1117098
51.5123529,-0.1116972
51.5123181,-0.1116774
51.5123159,-0.1116877
51.5123042,-0.1116811
51.5123065,-0.1116707
51.5122802,-0.1116558
51.5122781,-0.1116653
51.5122637,-0.1116572
51.5122679,-0.1116381
51.5122411,-0.1116229
51.5122559,-0.1115555
51.5122279,-0.1115396
51.5122252,-0.1115519
51.5122161,-0.1115468
51.5122188,-0.1115345
51.5121900,-0.1115181
51.5121870,-0.1115318
51.5121792,-0.1115273
51.5121822,-0.1115139
51.5121736,-0.1115090
51.5121767,-0.1114947
51.5121854,-0.1114997
51.5121955,-0.1114536
51.5121881,-0.1114493
51.5121915,-0.1114336
51.5121990,-0.1114379
51.5122073,-0.1114003
51.5121999,-0.1113961
51.5122029,-0.1113823
51.5122103,-0.1113865
51.5122205,-0.1113404
51.5122139,-0.1113367
51.5122175,-0.1113204
51.5122240,-0.1113241
51.5122313,-0.1112910
51.5122241,-0.1112869
51.5122275,-0.1112717
51.5122347,-0.1112758
51.5122366,-0.1112672
51.5122484,-0.1112739
51.5122462,-0.1112838
51.5122630,-0.1112933
51.5122712,-0.1112559
51.5122196,-0.1112277
51.5122169,-0.1112408
51.5120339,-0.1111408
51.5120265,-0.1111790
51.5118370,-0.1110740
51.5118135,-0.1110619
51.5118111,-0.1110737
51.5118216,-0.1110790
51.5118195,-0.1110901
51.5118054,-0.1110831
51.5117930,-0.1110970
51.5117633,-0.1110870
51.5117543,-0.1110647
51.5117161,-0.1110534
51.5117024,-0.1110774
51.5116674,-0.1110669
51.5116527,-0.1110309
51.5116077,-0.1110200
51.5116058,-0.1110541
51.5115901,-0.1110514
51.5115812,-0.1110685
51.5115555,-0.1110652
51.5115471,-0.1110427
51.5115223,-0.1110396
51.5115208,-0.1110476
51.5115181,-0.1110548
51.5115143,-0.1110606
51.5115097,-0.1110646
51.5115046,-0.1110666
51.5114994,-0.1110665
51.5114944,-0.1110642
51.5114899,-0.1110599
51.5114863,-0.1110542
51.5114838,-0.1110473
51.5114824,-0.1110396
51.5114822,-0.1110315
51.5114832,-0.1110236
51.5114855,-0.1110164
51.5114887,-0.1110103
51.5114928,-0.1110057
51.5114918,-0.1109423
51.5114788,-0.1109261
51.5114773,-0.1108687
51.5114910,-0.1108481
51.5114888,-0.1107932
51.5114847,-0.1107923
51.5114504,-0.1107253
51.5111601,-0.1107314
51.5111534,-0.1113053
51.5111334,-0.1116862
51.5111534,-0.1118096
51.5112002,-0.1118847
51.5113537,-0.1119223
51.5114272,-0.1116648
51.5115166,-0.1116380
51.5115023,-0.1114422
51.5115993,-0.1114395
51.5117529,-0.1114891
51.5118387,-0.1115589
51.5119496,-0.1116182
51.5119665,-0.1115669
51.5120915,-0.1116565
51.5123744,-0.1118622
51.5123936,-0.1117774
leisure_type: garden
     
leisure id: 128459713
51.5126562,-0.1108919
51.5127308,-0.1104614
51.5126615,-0.1104185
51.5126493,-0.1104539
51.5126370,-0.1104896
51.5126334,-0.1105097
51.5125580,-0.1108369
51.5126562,-0.1108919
leisure_type: garden
     
leisure id: 148519541
51.5144647,-0.1246230
51.5145099,-0.1246814
51.5144600,-0.1247784
51.5144141,-0.1247151
51.5144647,-0.1246230
leisure_type: sauna
     
leisure id: 157779707
51.5130765,-0.1319836
51.5131896,-0.1320699
51.5132303,-0.1319289
51.5132500,-0.1318635
51.5132024,-0.1318288
51.5131939,-0.1318224
51.5131646,-0.1319232
51.5131499,-0.1319122
51.5131413,-0.1319417
51.5131224,-0.1319275
51.5130981,-0.1319093
51.5130765,-0.1319836
leisure_type: social_club
     
leisure id: 168866557
51.5155584,-0.1249415
51.5152684,-0.1245687
51.5150429,-0.1249884
51.5151956,-0.1252929
51.5153721,-0.1250574
51.5155050,-0.1251624
51.5155584,-0.1249415
leisure_type: garden
     
leisure id: 183997720
51.5204657,-0.1299350
51.5203701,-0.1298307
51.5201705,-0.1296131
51.5200662,-0.1294993
51.5200176,-0.1294462
51.5199715,-0.1293961
51.5199889,-0.1293461
51.5199004,-0.1292454
51.5200818,-0.1288512
51.5206615,-0.1295234
51.5204657,-0.1299350
leisure_type: garden
     
leisure id: 261548030
51.5204409,-0.1349291
51.5204255,-0.1349621
51.5205017,-0.1350480
51.5205576,-0.1351086
51.5205699,-0.1350788
51.5204409,-0.1349291
leisure_type: sports_centre
     
leisure id: 279171125
51.5148448,-0.1313002
51.5149855,-0.1313998
51.5150335,-0.1312245
51.5149843,-0.1311896
51.5150088,-0.1311001
51.5149720,-0.1310740
51.5149629,-0.1311074
51.5149294,-0.1310837
51.5149460,-0.1310234
51.5149799,-0.1310474
51.5150178,-0.1309091
51.5149901,-0.1308890
51.5149590,-0.1310107
51.5148137,-0.1309142
51.5147866,-0.1310179
51.5148188,-0.1310418
51.5148560,-0.1310697
51.5148999,-0.1310992
51.5148448,-0.1313002
leisure_type: social_club
     
leisure id: 279541965
51.5140508,-0.1309370
51.5141069,-0.1309807
51.5140739,-0.1310988
51.5140514,-0.1311749
51.5139971,-0.1311344
51.5140508,-0.1309370
leisure_type: social_club
     
leisure id: 280997368
51.5136611,-0.1314355
51.5136109,-0.1314013
51.5136814,-0.1311428
51.5137292,-0.1311763
51.5136611,-0.1314355
leisure_type: karaoke
     
leisure id: 287931052
51.5238887,-0.1383137
51.5237815,-0.1381944
51.5237567,-0.1382133
51.5236082,-0.1385506
51.5237308,-0.1386832
51.5238887,-0.1383137
leisure_type: pitch
     
leisure id: 301471945
51.5158335,-0.1173621
51.5159894,-0.1167000
51.5156548,-0.1164964
51.5154988,-0.1171586
51.5158335,-0.1173621
leisure_type: pitch
     
leisure id: 314262876
51.5189989,-0.1123209
51.5189555,-0.1125914
51.5189542,-0.1126171
51.5189560,-0.1126435
51.5189646,-0.1126684
51.5189756,-0.1126845
51.5189898,-0.1126954
51.5190063,-0.1126974
51.5190225,-0.1126902
51.5190363,-0.1126757
51.5190473,-0.1126580
51.5190554,-0.1126321
51.5191001,-0.1123642
51.5191022,-0.1123348
51.5190988,-0.1123086
51.5190906,-0.1122832
51.5190822,-0.1122695
51.5190681,-0.1122577
51.5190549,-0.1122523
51.5190409,-0.1122515
51.5190272,-0.1122588
51.5190153,-0.1122728
51.5190070,-0.1122907
51.5189989,-0.1123209
leisure_type: garden
     
leisure id: 368199014
51.5155817,-0.1324329
51.5157186,-0.1319081
51.5154390,-0.1317198
51.5151030,-0.1314933
51.5150873,-0.1315537
51.5149824,-0.1319503
51.5148686,-0.1323746
51.5148421,-0.1324730
51.5151530,-0.1326896
51.5154574,-0.1328992
51.5155817,-0.1324329
leisure_type: park
     
leisure id: 368200597
51.5151095,-0.1322030
51.5151031,-0.1321641
51.5150864,-0.1321713
51.5150928,-0.1322101
51.5151095,-0.1322030
leisure_type: pitch
     
leisure id: 368200670
51.5152052,-0.1318023
51.5152225,-0.1318411
51.5152396,-0.1318213
51.5152223,-0.1317825
51.5152052,-0.1318023
leisure_type: pitch
     
leisure id: 383999575
51.5191784,-0.1387872
51.5188203,-0.1384111
51.5188796,-0.1382542
51.5189084,-0.1381783
51.5189618,-0.1380382
51.5189799,-0.1379924
51.5192132,-0.1382418
51.5192913,-0.1380534
51.5193817,-0.1381521
51.5194349,-0.1382102
51.5194178,-0.1382602
51.5194293,-0.1382737
51.5193764,-0.1384166
51.5193244,-0.1383682
51.5191784,-0.1387872
leisure_type: park
     
leisure id: 611252214
51.5159042,-0.1132355
51.5159325,-0.1130920
51.5159753,-0.1128428
51.5159238,-0.1128038
51.5158681,-0.1130194
51.5158177,-0.1129850
51.5158138,-0.1130011
51.5158011,-0.1129925
51.5157732,-0.1130981
51.5157612,-0.1131434
51.5158756,-0.1132189
51.5159042,-0.1132355
leisure_type: garden
     
leisure id: 614835445
51.5235233,-0.1311738
51.5235911,-0.1310157
51.5236049,-0.1309853
51.5235613,-0.1309401
51.5235459,-0.1309347
51.5235267,-0.1309414
51.5235158,-0.1309498
51.5234535,-0.1310962
51.5234572,-0.1311005
51.5235233,-0.1311738
leisure_type: garden
     
leisure id: 618107047
51.5147688,-0.1284204
51.5148404,-0.1284470
51.5149699,-0.1284951
51.5149607,-0.1285620
51.5149115,-0.1286162
51.5147472,-0.1285928
51.5147688,-0.1284204
leisure_type: playground
     
leisure id: 620117180
51.5147688,-0.1284204
51.5147472,-0.1285928
51.5146642,-0.1285809
51.5146599,-0.1285804
51.5146933,-0.1284073
51.5146961,-0.1283933
51.5147007,-0.1283950
51.5147406,-0.1284099
51.5147688,-0.1284204
leisure_type: pitch
     
leisure id: 625129398
51.5227771,-0.1119633
51.5228072,-0.1119423
51.5227864,-0.1118415
51.5225751,-0.1119056
51.5225888,-0.1120117
51.5226040,-0.1120733
51.5227075,-0.1119965
51.5227122,-0.1120103
51.5227771,-0.1119633
leisure_type: playground
     
leisure id: 627196008
51.5230194,-0.1122870
51.5230427,-0.1122773
51.5230585,-0.1122712
51.5231511,-0.1122337
51.5231402,-0.1121682
51.5230083,-0.1122237
51.5230194,-0.1122870
leisure_type: garden
     
leisure id: 648317969
51.5169791,-0.1334053
51.5169210,-0.1333549
51.5169900,-0.1331447
51.5170468,-0.1331931
51.5169791,-0.1334053
leisure_type: social_club
