51.7523394,-1.2487346
51.7523995,-1.2547772
51.7522454,-1.2559381
51.7519803,-1.2576255
51.7512208,-1.2572540
51.7497412,-1.2568135
51.7485086,-1.2566318
51.7470797,-1.2564976
51.7535150,-1.2649157
51.7530546,-1.2674910
51.7483723,-1.2589806
51.7547225,-1.2491126
51.7523944,-1.2759806
51.7524832,-1.2737565
51.7526704,-1.2708222
51.7593033,-1.2651314
51.7578633,-1.2635662
51.7570913,-1.2633806
51.7523039,-1.2737285
51.7502418,-1.2734216
51.7499619,-1.2733773
51.7501874,-1.2743945
51.7508464,-1.2745386
51.7521569,-1.2741484
51.7507987,-1.2754564
51.7490900,-1.2778817
51.7507827,-1.2765382
51.7509565,-1.2778489
51.7523637,-1.2777174
51.7487714,-1.2780479
51.7482996,-1.2778205
51.7486544,-1.2775666
51.7507871,-1.2686678
51.7484304,-1.2614732
51.7527537,-1.2660613
51.7527945,-1.2638869
51.7523324,-1.2623135
51.7507029,-1.2594433
51.7516890,-1.2607526
51.7522881,-1.2727150
51.7502870,-1.2726293
51.7517785,-1.2672266
51.7517672,-1.2678099
51.7518129,-1.2666402
51.7516891,-1.2655337
51.7511867,-1.2636873
51.7508689,-1.2629361
51.7513738,-1.2561254
51.7515247,-1.2556044
51.7508240,-1.2617506
51.7481150,-1.2743569
51.7476501,-1.2724044
51.7485880,-1.2716790
51.7468871,-1.2664066
51.7469571,-1.2657666
51.7467298,-1.2652068
51.7581173,-1.2600246
51.7576432,-1.2562729
51.7552187,-1.2592339
51.7549921,-1.2613340
51.7544858,-1.2612804
51.7553919,-1.2615302
51.7555634,-1.2616019
51.7554695,-1.2621740
51.7552939,-1.2621092
51.7568805,-1.2598352
51.7564313,-1.2619775
51.7562028,-1.2624549
51.7563409,-1.2639025
51.7563807,-1.2632976
51.7565406,-1.2614673
51.7570428,-1.2640341
51.7569455,-1.2653692
51.7578237,-1.2641829
51.7569617,-1.2664913
51.7575595,-1.2652708
51.7582652,-1.2624777
51.7579892,-1.2676216
51.7577784,-1.2680599
51.7574767,-1.2686837
51.7571885,-1.2692731
51.7577050,-1.2698198
51.7579762,-1.2693077
51.7585338,-1.2682951
51.7580482,-1.2683667
51.7570502,-1.2682349
51.7569994,-1.2690038
51.7582314,-1.2696675
51.7542204,-1.2664949
51.7534696,-1.2652266
51.7471217,-1.2711603
51.7464866,-1.2725944
51.7522596,-1.2558488
51.7551980,-1.2589332
51.7554710,-1.2711417
51.7559404,-1.2713192
51.7573655,-1.2722889
51.7566775,-1.2722548
51.7499361,-1.2593705
51.7536343,-1.2610268
51.7536820,-1.2606427
51.7540382,-1.2608834
51.7570770,-1.2709824
51.7549703,-1.2694564
51.7552999,-1.2693794
51.7545345,-1.2694109
51.7548099,-1.2686088
51.7550404,-1.2683555
51.7541190,-1.2676292
51.7541091,-1.2678236
51.7531805,-1.2691323
51.7537590,-1.2696937
51.7547333,-1.2700379
51.7536216,-1.2635592
51.7534937,-1.2622824
51.7532559,-1.2635679
51.7579762,-1.2727276
51.7550612,-1.2530824
51.7547910,-1.2491481
51.7552411,-1.2489005
51.7514791,-1.2484482
51.7515241,-1.2486550
51.7520748,-1.2478472
51.7524334,-1.2493329
51.7525961,-1.2506101
51.7512195,-1.2529511
51.7527307,-1.2524118
51.7511067,-1.2540370
51.7516926,-1.2544880
51.7521840,-1.2618941
51.7517899,-1.2623214
51.7549405,-1.2544729
51.7531413,-1.2569628
51.7532481,-1.2566264
51.7538978,-1.2564967
51.7533420,-1.2562391
51.7523813,-1.2567120
51.7523593,-1.2568964
51.7529814,-1.2571209
51.7530723,-1.2571537
51.7521521,-1.2566467
51.7460176,-1.2593750
51.7577318,-1.2577056
51.7517779,-1.2641247
51.7519426,-1.2636516
51.7526324,-1.2532503
51.7531371,-1.2623037
51.7528030,-1.2642302
51.7580548,-1.2565261
51.7526705,-1.2570085
51.7526940,-1.2568163
51.7527416,-1.2568223
51.7527884,-1.2564679
51.7524045,-1.2565217
51.7524260,-1.2563429
51.7529963,-1.2565396
51.7529740,-1.2567127
51.7529505,-1.2568957
51.7532039,-1.2567897
51.7529146,-1.2570968
51.7530114,-1.2569171
51.7521838,-1.2564141
51.7527619,-1.2768595
51.7509222,-1.2771462
51.7523778,-1.2768406
51.7536194,-1.2774354
51.7546509,-1.2714550
51.7536304,-1.2710659
51.7516846,-1.2710711
51.7522461,-1.2712079
51.7516317,-1.2715455
51.7516213,-1.2716586
51.7515745,-1.2721934
51.7525460,-1.2717935
51.7526098,-1.2712965
51.7526341,-1.2711497
51.7505520,-1.2707952
51.7506353,-1.2701687
51.7502805,-1.2707153
51.7486412,-1.2698851
51.7540912,-1.2525229
51.7541842,-1.2525509
51.7544796,-1.2536528
51.7544695,-1.2540537
51.7491136,-1.2558344
51.7491407,-1.2544507
51.7490919,-1.2566933
51.7457533,-1.2541219
51.7506358,-1.2578661
51.7549940,-1.2517323
51.7555654,-1.2517061
51.7501870,-1.2771975
51.7484089,-1.2753470
51.7483169,-1.2750496
51.7523443,-1.2728291
51.7525347,-1.2729231
51.7486547,-1.2717924
51.7489535,-1.2718109
51.7494831,-1.2723419
51.7495883,-1.2724324
51.7498334,-1.2725037
51.7503320,-1.2725062
51.7483753,-1.2741659
51.7484956,-1.2749207
51.7492903,-1.2745342
51.7470107,-1.2596251
51.7471903,-1.2608360
51.7471341,-1.2617313
51.7480149,-1.2623606
51.7492704,-1.2595916
51.7485815,-1.2589107
51.7490065,-1.2589610
51.7528724,-1.2698504
51.7530420,-1.2697102
51.7515510,-1.2541010
51.7516098,-1.2542274
51.7497383,-1.2594266
51.7498005,-1.2598975
51.7498603,-1.2601940
51.7512291,-1.2596803
51.7531225,-1.2606776
51.7546556,-1.2591269
51.7561460,-1.2517225
51.7508075,-1.2752828
51.7527991,-1.2649081
51.7573183,-1.2595165
51.7491818,-1.2567054
51.7492448,-1.2575883
51.7491899,-1.2590672
51.7490394,-1.2580678
51.7503958,-1.2579030
51.7502831,-1.2529319
51.7506089,-1.2489877
51.7497823,-1.2489333
51.7492485,-1.2491007
51.7511904,-1.2530654
51.7469458,-1.2589237
51.7463374,-1.2618115
51.7535729,-1.2725469
51.7556659,-1.2718984
51.7556554,-1.2715522
51.7556245,-1.2712850
51.7556229,-1.2700542
51.7556329,-1.2707238
51.7557659,-1.2705246
51.7560930,-1.2692426
51.7561178,-1.2693248
51.7561981,-1.2695302
51.7558752,-1.2695426
51.7568932,-1.2702004
51.7525943,-1.2648690
51.7525489,-1.2648527
51.7534733,-1.2652012
51.7504592,-1.2636665
51.7503860,-1.2634938
51.7504703,-1.2628155
51.7509906,-1.2669401
51.7466429,-1.2595341
51.7465973,-1.2600629
51.7543828,-1.2611881
51.7545039,-1.2618920
51.7482060,-1.2688813
51.7479108,-1.2681622
51.7524282,-1.2750977
51.7526199,-1.2762069
51.7553573,-1.2742402
51.7555304,-1.2743028
51.7475152,-1.2560600
51.7475002,-1.2564778
51.7468614,-1.2564279
51.7468768,-1.2559581
51.7466491,-1.2674874
51.7468508,-1.2671828
51.7471651,-1.2673558
51.7474373,-1.2656482
51.7470979,-1.2643715
51.7465258,-1.2640783
51.7464725,-1.2638675
51.7464849,-1.2635340
51.7461627,-1.2628370
51.7464788,-1.2622744
51.7463321,-1.2628770
51.7462290,-1.2630355
51.7469090,-1.2616439
51.7473011,-1.2591274
51.7464876,-1.2579234
51.7465128,-1.2565486
51.7465606,-1.2555164
51.7465896,-1.2563750
51.7472854,-1.2618565
51.7482237,-1.2632676
51.7474981,-1.2634625
51.7479621,-1.2612054
51.7478130,-1.2617884
51.7477778,-1.2604141
51.7472050,-1.2613364
51.7475919,-1.2595595
51.7476133,-1.2595064
51.7470746,-1.2576043
51.7468216,-1.2578345
51.7497000,-1.2621783
51.7498964,-1.2633667
51.7498045,-1.2629912
51.7507123,-1.2631277
51.7504228,-1.2623393
51.7510710,-1.2663623
51.7511558,-1.2658136
51.7514668,-1.2658020
51.7516515,-1.2648446
51.7484514,-1.2578650
51.7477369,-1.2577035
51.7476929,-1.2580718
51.7521531,-1.2717909
51.7503736,-1.2593779
51.7510501,-1.2651686
51.7510457,-1.2643955
51.7503570,-1.2634268
51.7496451,-1.2641683
51.7496225,-1.2639362
51.7499850,-1.2640759
51.7503666,-1.2642595
51.7487567,-1.2637218
51.7472823,-1.2638499
51.7474448,-1.2638778
51.7480030,-1.2638187
51.7483936,-1.2637682
51.7486600,-1.2637572
51.7479724,-1.2633677
51.7578807,-1.2552249
51.7580438,-1.2545109
51.7517874,-1.2629761
51.7517006,-1.2634031
51.7517355,-1.2628491
51.7515378,-1.2629562
51.7510111,-1.2628185
51.7512165,-1.2623900
51.7508942,-1.2629968
51.7509678,-1.2628978
51.7514074,-1.2620473
51.7512628,-1.2621935
51.7514709,-1.2622026
51.7516782,-1.2622086
51.7519440,-1.2626973
51.7503755,-1.2590487
51.7480142,-1.2588609
51.7477008,-1.2588902
51.7484911,-1.2610967
51.7482533,-1.2615525
51.7483886,-1.2612254
51.7493379,-1.2607582
51.7500025,-1.2604662
51.7493589,-1.2605591
51.7493672,-1.2602962
51.7498180,-1.2600057
51.7490998,-1.2601840
51.7490760,-1.2599782
51.7484303,-1.2606717
51.7486748,-1.2598758
51.7488035,-1.2599025
51.7469156,-1.2564449
51.7470795,-1.2567793
51.7516476,-1.2652789
51.7519162,-1.2598669
51.7552801,-1.2490623
51.7547427,-1.2492297
51.7548223,-1.2531050
51.7546476,-1.2530242
51.7586005,-1.2529234
51.7526284,-1.2698209
51.7536026,-1.2612843
51.7537779,-1.2695104
51.7531588,-1.2693264
51.7531146,-1.2690946
51.7544326,-1.2693864
51.7546444,-1.2682329
51.7534853,-1.2696062
51.7534655,-1.2697717
51.7535404,-1.2706333
51.7535114,-1.2708012
51.7467068,-1.2563895
51.7511239,-1.2635094
51.7533600,-1.2562424
51.7524685,-1.2742305
51.7552710,-1.2742458
51.7483131,-1.2598725
51.7522581,-1.2592364
51.7528467,-1.2579901
51.7523793,-1.2567292
51.7529433,-1.2568932
51.7521265,-1.2568348
51.7523569,-1.2569169
51.7522127,-1.2562019
51.7523569,-1.2588202
51.7508792,-1.2614282
51.7509520,-1.2615799
51.7535361,-1.2629122
51.7544504,-1.2623117
51.7544773,-1.2626726
51.7545925,-1.2552028
51.7573514,-1.2623820
51.7556493,-1.2576238
51.7550570,-1.2535360
51.7519477,-1.2495723
51.7541238,-1.2485123
51.7466267,-1.2556429
51.7491228,-1.2552885
51.7510729,-1.2487627
51.7488499,-1.2566394
51.7516410,-1.2531277
51.7553786,-1.2488044
51.7561538,-1.2482789
51.7564443,-1.2482691
51.7566173,-1.2478380
51.7562478,-1.2652227
51.7549221,-1.2630424
51.7545657,-1.2631274
51.7554215,-1.2632188
51.7538217,-1.2597000
51.7517330,-1.2585360
51.7570508,-1.2622514
51.7495489,-1.2567660
51.7493940,-1.2559022
51.7505790,-1.2569438
51.7502000,-1.2568529
51.7581418,-1.2602684
51.7490108,-1.2566795
51.7490231,-1.2572454
51.7484442,-1.2579601
51.7542229,-1.2582694
51.7549335,-1.2690315
51.7488884,-1.2703682
51.7576382,-1.2598850
51.7575497,-1.2598561
51.7557731,-1.2592604
51.7572845,-1.2597695
51.7577293,-1.2597109
51.7571457,-1.2594554
51.7567797,-1.2593795
51.7565211,-1.2592897
51.7564040,-1.2592592
51.7575835,-1.2596449
51.7571113,-1.2597129
51.7567524,-1.2596094
51.7564988,-1.2595375
51.7555700,-1.2590963
51.7555886,-1.2589732
51.7558284,-1.2590298
51.7569060,-1.2596509
51.7554726,-1.2593467
51.7559524,-1.2594870
51.7568334,-1.2600943
51.7573625,-1.2599914
51.7476539,-1.2591485
51.7524031,-1.2756074
51.7524174,-1.2752573
51.7585715,-1.2588171
51.7567999,-1.2602707
51.7556526,-1.2711537
51.7554488,-1.2700472
51.7554112,-1.2693630
51.7551332,-1.2599321
51.7490994,-1.2565632
51.7495388,-1.2566473
51.7501232,-1.2580344
51.7521605,-1.2568469
51.7521880,-1.2566613
51.7522228,-1.2564274
51.7522484,-1.2562545
51.7532113,-1.2566137
51.7531575,-1.2567742
51.7530961,-1.2569469
51.7530087,-1.2571308
51.7477894,-1.2729662
51.7468005,-1.2564070
51.7465444,-1.2554754
51.7469449,-1.2631520
51.7473352,-1.2607407
51.7474675,-1.2619603
51.7478675,-1.2604787
51.7478077,-1.2607499
51.7476748,-1.2606726
51.7475112,-1.2599707
51.7476536,-1.2600546
51.7476801,-1.2603465
51.7533768,-1.2561358
51.7523599,-1.2488711
51.7477921,-1.2565034
51.7483581,-1.2591597
51.7526200,-1.2533315
51.7523900,-1.2534318
51.7491808,-1.2569458
51.7476609,-1.2590101
51.7491437,-1.2597644
51.7515476,-1.2471283
51.7517957,-1.2481649
51.7514829,-1.2472180
51.7512655,-1.2527397
51.7542001,-1.2584851
51.7542990,-1.2623411
51.7516179,-1.2540008
51.7514043,-1.2540757
51.7514850,-1.2540732
51.7518431,-1.2639287
51.7556751,-1.2486002
51.7532609,-1.2535836
51.7535906,-1.2544416
51.7531656,-1.2542706
51.7537288,-1.2537958
51.7462926,-1.2632737
51.7503320,-1.2726052
51.7509114,-1.2778730
51.7508836,-1.2771589
51.7536288,-1.2637062
51.7472362,-1.2607999
51.7472574,-1.2607141
51.7490875,-1.2608818
51.7491884,-1.2604831
51.7492392,-1.2603349
51.7505407,-1.2657179
51.7507793,-1.2627318
51.7510738,-1.2624585
51.7512163,-1.2622721
51.7490178,-1.2647489
51.7487712,-1.2638474
51.7488164,-1.2641021
51.7498171,-1.2647607
51.7487287,-1.2634953
51.7510518,-1.2657428
51.7518193,-1.2623906
51.7525681,-1.2690224
51.7470922,-1.2632789
51.7473368,-1.2624743
51.7471310,-1.2622857
51.7475337,-1.2626360
51.7476505,-1.2620791
51.7473479,-1.2633739
51.7475671,-1.2625013
51.7475537,-1.2608753
51.7475673,-1.2615830
51.7473994,-1.2614729
51.7476149,-1.2606148
51.7508793,-1.2678264
51.7525926,-1.2631463
51.7538745,-1.2624382
51.7537334,-1.2628555
51.7544322,-1.2548096
51.7541881,-1.2581643
51.7556652,-1.2610201
51.7537650,-1.2606553
51.7524577,-1.2559119
51.7477485,-1.2610162
51.7514349,-1.2620166
51.7518841,-1.2576339
51.7520215,-1.2760029
51.7508569,-1.2680049
51.7497634,-1.2671258
51.7525702,-1.2695424
51.7525768,-1.2699467
51.7525684,-1.2702250
51.7571426,-1.2490454
51.7568660,-1.2470787
51.7578546,-1.2636646
51.7578378,-1.2635604
51.7523667,-1.2773025
51.7525638,-1.2715993
51.7527156,-1.2698413
51.7506944,-1.2766321
51.7469127,-1.2675203
51.7496536,-1.2724739
51.7525286,-1.2712283
51.7517657,-1.2678388
51.7481721,-1.2614027
51.7483236,-1.2615288
51.7479284,-1.2623311
51.7572521,-1.2491076
51.7482863,-1.2613499
51.7469229,-1.2666086
51.7470423,-1.2650115
51.7462327,-1.2619491
51.7580976,-1.2545420
51.7579313,-1.2552584
51.7577288,-1.2561944
51.7580189,-1.2563709
51.7579974,-1.2564851
51.7528066,-1.2646189
51.7511311,-1.2688024
51.7505856,-1.2708034
51.7535066,-1.2694297
51.7535301,-1.2692349
51.7535385,-1.2691648
51.7514360,-1.2478079
51.7512905,-1.2473822
51.7511465,-1.2469834
51.7510151,-1.2466219
51.7510143,-1.2476528
51.7509460,-1.2476269
51.7509346,-1.2477264
51.7509902,-1.2477556
51.7505906,-1.2480391
51.7511109,-1.2481086
51.7507524,-1.2484424
51.7512116,-1.2483814
51.7504426,-1.2476448
51.7503461,-1.2473808
51.7507320,-1.2470115
51.7510481,-1.2467097
51.7508260,-1.2472883
51.7507016,-1.2466566
51.7499953,-1.2476961
51.7498814,-1.2481957
51.7498517,-1.2482889
51.7499866,-1.2486192
51.7504585,-1.2481779
51.7499443,-1.2483156
51.7501300,-1.2484783
51.7505391,-1.2480902
51.7505440,-1.2481316
51.7525858,-1.2710832
51.7471604,-1.2611486
51.7471657,-1.2606679
51.7516493,-1.2469819
51.7467541,-1.2704157
51.7560340,-1.2695029
51.7561172,-1.2694452
51.7510747,-1.2642262
51.7523431,-1.2737359
51.7524428,-1.2737496
51.7522716,-1.2474105
51.7531988,-1.2485701
51.7531920,-1.2484429
51.7531621,-1.2482754
51.7520274,-1.2475695
51.7522376,-1.2483276
51.7519790,-1.2476306
51.7528162,-1.2486116
51.7500591,-1.2725219
51.7520819,-1.2468251
51.7520455,-1.2468548
51.7468707,-1.2605731
51.7468570,-1.2605750
51.7468843,-1.2603654
51.7468208,-1.2606563
51.7464845,-1.2635687
51.7534323,-1.2651846
51.7542860,-1.2666005
51.7542566,-1.2665292
51.7534139,-1.2655781
51.7523689,-1.2647635
51.7523884,-1.2649959
51.7524553,-1.2650503
51.7533944,-1.2657009
51.7537970,-1.2755303
51.7466500,-1.2574425
51.7467337,-1.2571056
51.7577645,-1.2598496
51.7506972,-1.2670028
51.7509363,-1.2671352
51.7529152,-1.2587260
51.7468337,-1.2636994
51.7476767,-1.2594034
51.7525177,-1.2498123
51.7513363,-1.2573237
51.7511707,-1.2583245
51.7527424,-1.2566283
51.7527605,-1.2566800
51.7527707,-1.2566024
51.7527896,-1.2566508
51.7576149,-1.2521208
51.7511497,-1.2671615
51.7539966,-1.2589579
51.7541325,-1.2587434
51.7520320,-1.2574492
51.7508141,-1.2683457
51.7537953,-1.2542609
51.7544753,-1.2541881
51.7575108,-1.2728682
51.7540270,-1.2697329
51.7552098,-1.2594702
51.7559329,-1.2594792
51.7509446,-1.2521467
51.7506321,-1.2515932
51.7507586,-1.2509271
51.7516035,-1.2488902
51.7513671,-1.2510231
51.7515304,-1.2496981
51.7514413,-1.2492247
51.7513942,-1.2490497
51.7526676,-1.2641455
51.7512009,-1.2519149
51.7515010,-1.2510531
51.7516068,-1.2488120
51.7515730,-1.2487005
51.7468602,-1.2605516
51.7525549,-1.2705165
51.7524752,-1.2728905
51.7554362,-1.2711466
51.7556941,-1.2711652
51.7554807,-1.2712005
51.7529193,-1.2741325
51.7491673,-1.2651380
51.7483901,-1.2657483
51.7531029,-1.2547020
51.7502510,-1.2558097
51.7505550,-1.2559521
51.7499578,-1.2558707
51.7499813,-1.2542208
51.7498900,-1.2528994
51.7491186,-1.2555828
51.7502380,-1.2560151
51.7514385,-1.2516362
51.7495239,-1.2535057
51.7502682,-1.2554437
51.7495215,-1.2536617
51.7502930,-1.2559798
51.7509407,-1.2521719
51.7495811,-1.2538447
51.7502565,-1.2530739
51.7493063,-1.2528730
51.7498645,-1.2542092
51.7498898,-1.2530136
51.7497250,-1.2535768
51.7502209,-1.2563777
51.7491568,-1.2536294
51.7525013,-1.2541051
51.7576673,-1.2561495
51.7574974,-1.2561873
51.7549385,-1.2628738
51.7550969,-1.2591889
51.7549978,-1.2630621
51.7527972,-1.2639958
51.7535912,-1.2633291
51.7548015,-1.2631185
51.7528804,-1.2638543
51.7534825,-1.2635527
51.7527712,-1.2637512
51.7531587,-1.2675100
51.7537426,-1.2698532
51.7531205,-1.2696673
51.7535114,-1.2696975
51.7534754,-1.2696882
51.7534463,-1.2696797
51.7531047,-1.2695796
51.7531514,-1.2691164
51.7538179,-1.2696710
51.7538153,-1.2695840
51.7556287,-1.2718890
51.7579877,-1.2631695
51.7520463,-1.2539074
51.7520347,-1.2540842
51.7538606,-1.2698833
51.7483635,-1.2590814
51.7523522,-1.2579838
51.7527734,-1.2582288
51.7529901,-1.2583361
51.7535533,-1.2586461
51.7475329,-1.2759967
51.7535552,-1.2587385
51.7535721,-1.2584472
51.7520340,-1.2474400
51.7526695,-1.2478516
51.7530931,-1.2475794
51.7527073,-1.2480074
51.7526647,-1.2478246
51.7522882,-1.2474992
51.7530212,-1.2484270
51.7524271,-1.2471747
51.7519337,-1.2472459
51.7521475,-1.2470666
51.7526990,-1.2479713
51.7524890,-1.2729038
51.7524970,-1.2728822
51.7525159,-1.2723720
51.7525173,-1.2715895
51.7525562,-1.2712332
51.7510213,-1.2687668
51.7525670,-1.2690530
51.7518258,-1.2689885
51.7511253,-1.2688478
51.7504632,-1.2479030
51.7505622,-1.2480672
51.7502921,-1.2474293
51.7504583,-1.2483915
51.7504171,-1.2485672
51.7504149,-1.2482178
51.7503254,-1.2482996
51.7501723,-1.2475370
51.7503430,-1.2480159
51.7502619,-1.2487017
51.7502124,-1.2484030
51.7500818,-1.2476183
51.7466696,-1.2568948
51.7464986,-1.2568675
51.7531951,-1.2479174
51.7531829,-1.2483923
51.7538669,-1.2483392
51.7533126,-1.2479394
51.7533586,-1.2479484
51.7534359,-1.2519964
51.7531678,-1.2519658
51.7534056,-1.2522370
51.7533966,-1.2512943
51.7534046,-1.2514574
51.7534249,-1.2509877
51.7536994,-1.2512395
51.7533608,-1.2509936
51.7533910,-1.2519750
51.7538382,-1.2522701
51.7534267,-1.2520299
51.7534384,-1.2512639
51.7537383,-1.2512353
51.7532022,-1.2510124
51.7537829,-1.2522908
51.7528507,-1.2510582
51.7561639,-1.2533575
51.7556935,-1.2549836
51.7573563,-1.2516333
51.7577869,-1.2515636
51.7573079,-1.2520033
51.7561702,-1.2533073
51.7571675,-1.2530773
51.7573219,-1.2524547
51.7574168,-1.2520386
51.7571795,-1.2528382
51.7573842,-1.2522103
51.7477529,-1.2575233
51.7476485,-1.2581294
51.7485565,-1.2611467
51.7483850,-1.2587657
51.7498470,-1.2579287
51.7484407,-1.2611978
51.7485180,-1.2611713
51.7505407,-1.2578782
51.7483995,-1.2585619
51.7490243,-1.2584625
51.7484268,-1.2611273
51.7473684,-1.2577123
51.7487686,-1.2604013
51.7503890,-1.2579042
51.7503877,-1.2581393
51.7541073,-1.2588817
51.7553985,-1.2547980
51.7575983,-1.2595628
51.7579372,-1.2600850
51.7573140,-1.2595145
51.7579132,-1.2588115
51.7571325,-1.2594529
51.7579327,-1.2622494
51.7562959,-1.2619184
51.7533927,-1.2568723
51.7527411,-1.2566383
51.7535182,-1.2569012
51.7534715,-1.2566840
51.7534112,-1.2568410
51.7533806,-1.2566340
51.7534983,-1.2576372
51.7524082,-1.2564907
51.7534551,-1.2574349
51.7535500,-1.2567263
51.7535102,-1.2565029
51.7530955,-1.2621969
51.7532668,-1.2646204
51.7527995,-1.2640879
51.7515384,-1.2623668
51.7530151,-1.2642584
51.7531361,-1.2645577
51.7532957,-1.2637825
51.7525015,-1.2632898
51.7533402,-1.2638894
51.7516168,-1.2625580
51.7533031,-1.2637502
51.7516378,-1.2621970
51.7522354,-1.2620209
51.7533310,-1.2638532
51.7527908,-1.2651184
51.7515512,-1.2622182
51.7522994,-1.2619562
51.7528876,-1.2640438
51.7537944,-1.2628417
51.7580255,-1.2648374
51.7576999,-1.2653943
51.7535251,-1.2697882
51.7579712,-1.2642079
51.7576629,-1.2672415
51.7533920,-1.2697514
51.7580618,-1.2646878
51.7576362,-1.2672928
51.7578117,-1.2655382
51.7554201,-1.2632748
51.7571297,-1.2682250
51.7555596,-1.2638212
51.7560768,-1.2589666
51.7565521,-1.2601526
51.7561862,-1.2576549
51.7561145,-1.2582688
51.7560587,-1.2591163
51.7565864,-1.2599806
51.7560639,-1.2590731
51.7559863,-1.2611201
51.7564605,-1.2606302
51.7565721,-1.2600546
51.7561729,-1.2577691
51.7563864,-1.2610582
51.7564834,-1.2605112
51.7561942,-1.2575929
51.7559772,-1.2611570
51.7563525,-1.2610841
51.7456649,-1.2541860
51.7458570,-1.2546114
51.7507291,-1.2515881
51.7506533,-1.2515530
51.7509247,-1.2522657
51.7513123,-1.2521937
51.7513509,-1.2511846
51.7510152,-1.2516182
51.7513602,-1.2522111
51.7508584,-1.2526992
51.7514880,-1.2516492
51.7507344,-1.2516506
51.7508787,-1.2525901
51.7512976,-1.2516510
51.7508854,-1.2525450
51.7513049,-1.2516004
51.7512501,-1.2521712
51.7464295,-1.2555437
51.7511294,-1.2540684
51.7520634,-1.2697149
51.7518517,-1.2691736
51.7519438,-1.2691773
51.7518117,-1.2691893
51.7510556,-1.2693952
51.7510826,-1.2691834
51.7508581,-1.2687212
51.7523335,-1.2697931
51.7522105,-1.2692057
51.7519333,-1.2696772
51.7518016,-1.2694222
51.7522006,-1.2697546
51.7520747,-1.2691912
51.7517933,-1.2696403
51.7511095,-1.2689720
51.7523486,-1.2692205
51.7572915,-1.2602279
51.7527493,-1.2662037
51.7525043,-1.2660678
51.7579391,-1.2571409
51.7477873,-1.2566279
51.7477557,-1.2574512
51.7476613,-1.2576286
51.7580350,-1.2577172
51.7580679,-1.2575954
51.7580930,-1.2574655
51.7580314,-1.2577307
51.7578956,-1.2571073
51.7485550,-1.2637719
51.7486099,-1.2633311
51.7511172,-1.2657668
51.7524779,-1.2695310
51.7532951,-1.2663009
51.7533498,-1.2659794
51.7571216,-1.2490842
51.7571595,-1.2489739
51.7560982,-1.2516248
51.7560981,-1.2517177
51.7564830,-1.2481377
51.7569211,-1.2470966
51.7580174,-1.2636025
51.7550943,-1.2570296
51.7557504,-1.2566714
51.7546179,-1.2575523
51.7552219,-1.2563993
51.7545741,-1.2567995
51.7545190,-1.2572948
51.7559914,-1.2553113
51.7546145,-1.2579547
51.7548657,-1.2584220
51.7556724,-1.2571562
51.7549262,-1.2580838
51.7506528,-1.2700317
51.7542754,-1.2620251
51.7535428,-1.2563309
51.7533659,-1.2569835
51.7533538,-1.2570384
51.7479477,-1.2743886
51.7481012,-1.2755639
51.7482466,-1.2754572
51.7524432,-1.2748775
51.7480488,-1.2740118
51.7482409,-1.2606385
51.7532276,-1.2675217
51.7525160,-1.2674354
51.7480877,-1.2601185
51.7485708,-1.2611867
51.7481906,-1.2599285
51.7479607,-1.2598326
51.7531700,-1.2692282
51.7532705,-1.2664454
51.7531341,-1.2670984
51.7531368,-1.2692443
51.7525995,-1.2690687
51.7530668,-1.2674205
51.7530057,-1.2698440
51.7531112,-1.2672082
51.7512842,-1.2567745
51.7485126,-1.2565904
51.7485860,-1.2565244
51.7554229,-1.2593283
51.7552145,-1.2594389
51.7560011,-1.2551192
51.7575205,-1.2560777
51.7525905,-1.2502985
51.7519105,-1.2563229
51.7521118,-1.2564019
51.7521817,-1.2564293
51.7519966,-1.2577234
51.7512243,-1.2637682
51.7502199,-1.2654004
51.7500460,-1.2645753
51.7501364,-1.2652305
51.7501114,-1.2650496
51.7491152,-1.2649998
51.7503020,-1.2660375
51.7501570,-1.2653806
51.7503300,-1.2662550
51.7501081,-1.2650252
51.7502451,-1.2655962
51.7504060,-1.2649210
51.7502724,-1.2658081
51.7543942,-1.2567174
51.7549828,-1.2615518
51.7549968,-1.2611302
51.7542933,-1.2566811
51.7549910,-1.2613611
51.7542820,-1.2573112
51.7510831,-1.2533741
51.7507230,-1.2533978
51.7527421,-1.2510961
51.7514839,-1.2512118
51.7507216,-1.2535404
51.7572841,-1.2602962
51.7580293,-1.2524179
51.7583018,-1.2537291
51.7579746,-1.2534420
51.7581855,-1.2540446
51.7558298,-1.2484963
51.7572995,-1.2599632
51.7572684,-1.2602204
51.7541950,-1.2544216
51.7540901,-1.2541308
51.7539107,-1.2543153
51.7544736,-1.2545286
51.7543873,-1.2547924
51.7546782,-1.2546179
51.7538365,-1.2542868
51.7541062,-1.2540217
51.7542709,-1.2544508
51.7541232,-1.2545680
51.7539073,-1.2613891
51.7551437,-1.2489762
51.7542630,-1.2485652
51.7536781,-1.2485385
51.7524225,-1.2487297
51.7526089,-1.2716081
51.7507691,-1.2765024
51.7523201,-1.2773011
51.7524268,-1.2742279
51.7524114,-1.2773059
51.7525298,-1.2742345
51.7508074,-1.2766065
51.7520270,-1.2760675
51.7520165,-1.2759344
51.7525614,-1.2533078
51.7523999,-1.2488369
51.7526793,-1.2533588
51.7523176,-1.2488861
51.7524147,-1.2486795
51.7524272,-1.2487556
51.7483878,-1.2565608
51.7490627,-1.2647125
51.7483301,-1.2612580
51.7489078,-1.2653349
51.7494756,-1.2555178
51.7491891,-1.2778927
51.7465537,-1.2647780
51.7461778,-1.2618810
51.7467168,-1.2649748
51.7464492,-1.2650203
51.7466552,-1.2649005
51.7463838,-1.2658003
51.7576106,-1.2561171
51.7575095,-1.2561327
51.7493613,-1.2732503
51.7496050,-1.2732141
51.7492948,-1.2733768
51.7492191,-1.2745820
51.7478900,-1.2733804
51.7477795,-1.2724212
51.7480152,-1.2732655
51.7478710,-1.2723345
51.7476748,-1.2725070
51.7480516,-1.2733895
51.7506199,-1.2745027
51.7503939,-1.2744629
51.7537366,-1.2635101
51.7535778,-1.2637079
51.7536295,-1.2633194
51.7534795,-1.2634833
51.7536800,-1.2637159
51.7535493,-1.2633368
51.7534849,-1.2636387
51.7486910,-1.2763901
51.7498057,-1.2774958
51.7490389,-1.2746939
51.7484840,-1.2755709
51.7485508,-1.2758202
51.7478185,-1.2737886
51.7479706,-1.2736821
51.7476854,-1.2733026
51.7476255,-1.2730770
51.7519774,-1.2613698
51.7521429,-1.2619409
51.7528768,-1.2640015
51.7522023,-1.2619356
51.7527252,-1.2637713
51.7519131,-1.2629967
51.7526544,-1.2671989
51.7511459,-1.2672222
51.7511560,-1.2670896
51.7527683,-1.2672075
51.7528070,-1.2637261
51.7517240,-1.2613541
51.7528514,-1.2637491
51.7521768,-1.2626543
51.7529097,-1.2639386
51.7518948,-1.2611725
51.7520950,-1.2626236
51.7530171,-1.2688582
51.7527457,-1.2639990
51.7518329,-1.2689463
51.7517754,-1.2689378
51.7527309,-1.2708414
51.7535582,-1.2648279
51.7534268,-1.2657621
51.7533759,-1.2655333
51.7534373,-1.2651578
51.7533543,-1.2656580
51.7526573,-1.2670852
51.7535087,-1.2651819
51.7531609,-1.2690497
51.7534831,-1.2654142
51.7527956,-1.2692187
51.7535302,-1.2648085
51.7534432,-1.2653920
51.7534016,-1.2653710
51.7531036,-1.2691909
51.7534632,-1.2655636
51.7534730,-1.2648949
51.7535103,-1.2652491
51.7535455,-1.2649134
51.7531692,-1.2674430
51.7528868,-1.2691069
51.7531493,-1.2675959
51.7528519,-1.2648742
51.7525989,-1.2718016
51.7524933,-1.2751110
51.7523381,-1.2756090
51.7527465,-1.2649032
51.7527556,-1.2646139
51.7527313,-1.2651022
51.7525749,-1.2728897
51.7523522,-1.2752541
51.7527989,-1.2660813
51.7522432,-1.2618960
51.7525819,-1.2721297
51.7520220,-1.2613216
51.7528573,-1.2646204
51.7532778,-1.2636553
51.7524646,-1.2756144
51.7528513,-1.2649081
51.7525315,-1.2741220
51.7527321,-1.2641858
51.7522758,-1.2619797
51.7522952,-1.2623536
51.7518518,-1.2608582
51.7526851,-1.2711444
51.7524840,-1.2752588
51.7528600,-1.2640891
51.7525545,-1.2631801
51.7524077,-1.2748767
51.7527303,-1.2640843
51.7536773,-1.2634091
51.7526859,-1.2661732
51.7537444,-1.2635834
51.7524916,-1.2750563
51.7525149,-1.2675463
51.7532479,-1.2634956
51.7524194,-1.2768368
51.7523320,-1.2768461
51.7524062,-1.2776511
51.7523106,-1.2777246
51.7540309,-1.2589748
51.7563761,-1.2592096
51.7568253,-1.2601405
51.7539550,-1.2589399
51.7550877,-1.2593198
51.7541892,-1.2587817
51.7572874,-1.2602656
51.7565780,-1.2600243
51.7571379,-1.2593941
51.7551467,-1.2594433
51.7552695,-1.2594943
51.7551026,-1.2591080
51.7573249,-1.2594595
51.7548121,-1.2631864
51.7548660,-1.2628605
51.7547993,-1.2630694
51.7549274,-1.2611209
51.7550620,-1.2611414
51.7524568,-1.2498343
51.7564539,-1.2481144
51.7528104,-1.2519977
51.7527736,-1.2519988
51.7527793,-1.2526485
51.7526776,-1.2519925
51.7519472,-1.2475360
51.7557046,-1.2700542
51.7556922,-1.2699318
51.7478908,-1.2722162
51.7469711,-1.2697352
51.7469150,-1.2691798
51.7468525,-1.2693873
51.7467888,-1.2695988
51.7466585,-1.2702434
51.7486542,-1.2642954
51.7487354,-1.2642143
51.7488317,-1.2641530
51.7503084,-1.2559196
51.7501808,-1.2559064
51.7496226,-1.2776276
51.7475216,-1.2719739
51.7489956,-1.2554932
51.7490402,-1.2554364
51.7491206,-1.2554464
51.7506189,-1.2553755
51.7505549,-1.2558156
51.7505974,-1.2558217
51.7474916,-1.2758519
51.7479662,-1.2756593
51.7575920,-1.2595978
51.7522074,-1.2562406
51.7525188,-1.2573516
51.7526952,-1.2568062
51.7528899,-1.2572716
51.7529045,-1.2571681
51.7530135,-1.2573168
51.7540016,-1.2504334
51.7540071,-1.2505116
51.7540596,-1.2512645
51.7540609,-1.2512831
51.7540733,-1.2513827
51.7540785,-1.2514371
51.7541400,-1.2506532
51.7541423,-1.2521674
51.7541561,-1.2521266
51.7542020,-1.2521062
51.7542069,-1.2521478
51.7542291,-1.2523386
51.7542292,-1.2515513
51.7542367,-1.2523984
51.7542354,-1.2503947
51.7542714,-1.2507036
51.7544342,-1.2513900
51.7544405,-1.2506613
51.7545110,-1.2513730
51.7545755,-1.2520246
51.7546514,-1.2490017
51.7547380,-1.2506692
51.7548126,-1.2529868
51.7548197,-1.2530626
51.7548323,-1.2506473
51.7548732,-1.2491218
51.7548939,-1.2506343
51.7527194,-1.2505697
51.7525797,-1.2497714
51.7527678,-1.2510683
51.7525949,-1.2486389
51.7566478,-1.2588630
51.7538409,-1.2638548
51.7553485,-1.2640285
51.7545891,-1.2643120
51.7556695,-1.2653871
51.7554746,-1.2644097
51.7554795,-1.2642917
51.7549597,-1.2643580
51.7549134,-1.2634293
51.7549857,-1.2646562
51.7559638,-1.2639154
51.7547389,-1.2637255
51.7540187,-1.2637810
51.7554960,-1.2638943
51.7549234,-1.2632332
51.7554899,-1.2640418
51.7547163,-1.2643274
51.7552489,-1.2646823
51.7551891,-1.2633613
51.7558225,-1.2647011
51.7553577,-1.2639648
51.7551901,-1.2639058
51.7559636,-1.2575057
51.7576460,-1.2556679
51.7572467,-1.2551811
51.7571438,-1.2556084
51.7560475,-1.2549202
51.7519718,-1.2501340
51.7520427,-1.2497701
51.7519265,-1.2498130
51.7521973,-1.2500581
51.7525398,-1.2519952
51.7522922,-1.2521802
51.7522966,-1.2519819
51.7524316,-1.2516266
51.7524009,-1.2512887
51.7525171,-1.2512967
51.7529505,-1.2546508
51.7510836,-1.2549509
51.7513865,-1.2550178
51.7513624,-1.2547094
51.7514854,-1.2550405
51.7513623,-1.2550766
51.7513315,-1.2550851
51.7513432,-1.2549239
51.7510599,-1.2552257
51.7526001,-1.2548131
51.7512868,-1.2549930
51.7511096,-1.2546490
51.7515100,-1.2547447
51.7513159,-1.2552759
51.7580593,-1.2674869
51.7567604,-1.2633419
51.7554634,-1.2574059
51.7555204,-1.2572052
51.7556282,-1.2575237
51.7557343,-1.2573645
51.7554961,-1.2575272
51.7556784,-1.2575534
51.7555218,-1.2574454
51.7555774,-1.2572481
51.7555979,-1.2576072
51.7556314,-1.2572917
51.7565005,-1.2575588
51.7559312,-1.2574616
51.7549476,-1.2579659
51.7548189,-1.2576105
51.7568392,-1.2560180
51.7524574,-1.2746681
51.7485462,-1.2620229
51.7486247,-1.2624704
51.7518543,-1.2601446
51.7522388,-1.2592870
51.7538546,-1.2597173
51.7546413,-1.2591996
51.7549224,-1.2613206
51.7549252,-1.2612240
51.7549692,-1.2588589
51.7550480,-1.2591006
51.7550546,-1.2613233
51.7550706,-1.2589267
51.7551917,-1.2600261
51.7534443,-1.2622740
51.7537336,-1.2628208
51.7537445,-1.2629553
51.7537666,-1.2625718
51.7538458,-1.2614534
51.7542606,-1.2611688
51.7543135,-1.2627035
51.7494455,-1.2561672
51.7520089,-1.2495392
51.7528095,-1.2485614
51.7532476,-1.2662799
51.7533024,-1.2659623
51.7525999,-1.2690245
51.7469168,-1.2689184
51.7471676,-1.2691164
51.7474108,-1.2658783
51.7567448,-1.2538887
51.7572945,-1.2543447
51.7567981,-1.2541563
51.7568504,-1.2540995
51.7561667,-1.2542526
51.7560472,-1.2541816
51.7561189,-1.2542255
51.7544142,-1.2571998
51.7544991,-1.2572315
51.7519580,-1.2564470
51.7520685,-1.2566737
51.7520965,-1.2565003
51.7521444,-1.2567036
51.7521683,-1.2565280
51.7566283,-1.2590220
51.7569994,-1.2591449
51.7571419,-1.2586581
51.7572649,-1.2586792
51.7570350,-1.2587018
51.7569925,-1.2588016
51.7574049,-1.2587898
51.7506070,-1.2526140
51.7509196,-1.2523124
51.7513316,-1.2488096
51.7505439,-1.2560931
51.7502166,-1.2564759
51.7495731,-1.2547517
51.7505840,-1.2560978
51.7495034,-1.2544932
51.7497689,-1.2548824
51.7505908,-1.2559565
51.7498477,-1.2552804
51.7499316,-1.2552889
51.7495361,-1.2538205
51.7494711,-1.2536738
51.7565211,-1.2725686
51.7565339,-1.2725441
51.7566253,-1.2723644
51.7566267,-1.2721940
51.7496043,-1.2547545
51.7498046,-1.2548851
51.7498577,-1.2549735
51.7498887,-1.2529260
51.7502081,-1.2566653
51.7502143,-1.2565267
51.7506732,-1.2553818
51.7507467,-1.2553900
51.7556408,-1.2545172
51.7557467,-1.2547361
51.7557477,-1.2540296
51.7557719,-1.2546186
51.7557767,-1.2545966
51.7559829,-1.2551896
51.7560046,-1.2550989
51.7560118,-1.2552102
51.7560279,-1.2541907
51.7561034,-1.2545462
51.7561275,-1.2544194
51.7561299,-1.2545767
51.7561333,-1.2545607
51.7563192,-1.2536480
51.7577188,-1.2534181
51.7577439,-1.2533253
51.7577621,-1.2534575
51.7579163,-1.2535931
51.7579492,-1.2534796
51.7513615,-1.2510753
51.7516253,-1.2497353
51.7508574,-1.2489373
51.7519367,-1.2495223
51.7570957,-1.2558148
51.7550281,-1.2643232
51.7550299,-1.2669950
51.7561999,-1.2657209
51.7538630,-1.2613785
51.7538726,-1.2613368
51.7539264,-1.2620771
51.7541385,-1.2610714
51.7541459,-1.2613091
51.7542371,-1.2612905
51.7543319,-1.2623347
51.7523068,-1.2485857
51.7525526,-1.2519954
51.7526344,-1.2519990
51.7526614,-1.2520031
51.7549024,-1.2636451
51.7549035,-1.2636240
51.7550384,-1.2643248
51.7551449,-1.2642610
51.7553425,-1.2642792
51.7554252,-1.2642868
51.7555306,-1.2638545
51.7549109,-1.2503837
51.7553631,-1.2495818
51.7549868,-1.2496273
51.7550466,-1.2501329
51.7550416,-1.2494368
51.7551826,-1.2500942
51.7550412,-1.2500879
51.7552259,-1.2500819
51.7550156,-1.2498714
51.7549527,-1.2492705
51.7550733,-1.2503513
51.7549835,-1.2495911
51.7551935,-1.2498190
51.7549692,-1.2494117
51.7550225,-1.2499246
51.7551766,-1.2490350
51.7549641,-1.2493460
51.7549793,-1.2495403
51.7551742,-1.2496454
51.7549610,-1.2493242
51.7550864,-1.2502428
51.7537714,-1.2695696
51.7537888,-1.2694366
51.7554973,-1.2700486
51.7551538,-1.2682870
51.7554602,-1.2700218
51.7556229,-1.2700297
51.7543170,-1.2666853
51.7566729,-1.2700426
51.7485826,-1.2598438
51.7483844,-1.2594500
51.7466310,-1.2542307
51.7491656,-1.2531818
51.7542844,-1.2572504
51.7512066,-1.2558623
51.7512174,-1.2562595
51.7513158,-1.2555347
51.7512193,-1.2557985
51.7509504,-1.2554126
51.7554738,-1.2718671
51.7545341,-1.2636933
51.7545836,-1.2636935
51.7547281,-1.2635738
51.7549046,-1.2636007
51.7559020,-1.2647459
51.7559390,-1.2654776
51.7559432,-1.2654176
51.7559546,-1.2652559
51.7559578,-1.2656006
51.7559583,-1.2652036
51.7560403,-1.2648237
51.7581283,-1.2690564
51.7546714,-1.2590490
51.7570108,-1.2519071
51.7476939,-1.2621185
51.7486225,-1.2589160
51.7495722,-1.2727282
51.7495997,-1.2724504
51.7522014,-1.2717742
51.7527145,-1.2670901
51.7527454,-1.2663305
51.7573056,-1.2587113
51.7574418,-1.2561526
51.7571844,-1.2588838
51.7517575,-1.2687445
51.7548759,-1.2504167
51.7551581,-1.2489650
51.7553892,-1.2495732
51.7577444,-1.2588993
51.7574368,-1.2586735
51.7573488,-1.2593436
51.7573333,-1.2594284
51.7575165,-1.2587320
51.7575341,-1.2583196
51.7558607,-1.2588674
51.7558112,-1.2590257
51.7560793,-1.2589469
51.7559257,-1.2588880
51.7570152,-1.2591497
51.7571019,-1.2591842
51.7562075,-1.2587864
51.7571550,-1.2592062
51.7561079,-1.2585397
51.7560870,-1.2588714
51.7538386,-1.2694778
51.7514311,-1.2510341
51.7513996,-1.2510254
51.7514135,-1.2509110
51.7514551,-1.2521945
51.7555073,-1.2544412
51.7546148,-1.2593260
51.7546322,-1.2592430
51.7478178,-1.2553266
51.7502545,-1.2481012
51.7516848,-1.2655076
51.7517423,-1.2654929
51.7517725,-1.2641427
51.7518058,-1.2667622
51.7518493,-1.2654657
51.7518765,-1.2635686
51.7519162,-1.2667795
51.7519485,-1.2654405
51.7520625,-1.2661106
51.7521259,-1.2653954
51.7523778,-1.2648780
51.7524732,-1.2661870
51.7524995,-1.2648332
51.7541028,-1.2613182
51.7517676,-1.2677886
51.7554214,-1.2595230
51.7552888,-1.2603601
51.7521003,-1.2570258
51.7541260,-1.2525326
51.7541589,-1.2523221
51.7529827,-1.2498190
51.7530178,-1.2500830
51.7531151,-1.2500423
51.7531194,-1.2502198
51.7531326,-1.2502210
51.7532862,-1.2502155
51.7534611,-1.2502232
51.7530895,-1.2496902
51.7536333,-1.2562817
51.7541641,-1.2525439
51.7513991,-1.2521729
51.7500495,-1.2553058
51.7491025,-1.2554455
51.7476678,-1.2543216
51.7572209,-1.2570985
51.7544286,-1.2545113
51.7518828,-1.2648854
51.7519114,-1.2648200
51.7521752,-1.2645539
51.7553749,-1.2597925
51.7518296,-1.2508238
51.7515380,-1.2507127
51.7563807,-1.2610986
51.7567603,-1.2610367
51.7568618,-1.2610959
51.7568683,-1.2605617
51.7569299,-1.2605935
51.7569366,-1.2605456
51.7569423,-1.2605162
51.7569520,-1.2604641
51.7569863,-1.2606226
51.7569842,-1.2613072
51.7570738,-1.2611117
51.7541273,-1.2539093
51.7541498,-1.2535772
51.7536500,-1.2561824
51.7511843,-1.2620242
51.7506575,-1.2572061
51.7511574,-1.2619656
51.7524714,-1.2741152
51.7472167,-1.2689865
51.7473206,-1.2688502
51.7545107,-1.2612412
51.7553310,-1.2600820
51.7495708,-1.2728126
51.7579323,-1.2578865
51.7536168,-1.2541755
51.7536279,-1.2541069
51.7530518,-1.2538538
51.7539023,-1.2638211
51.7538229,-1.2639644
51.7538019,-1.2640865
51.7567733,-1.2690892
51.7569151,-1.2691749
51.7461925,-1.2618993
51.7462721,-1.2617560
51.7507480,-1.2765792
51.7485301,-1.2750625
51.7486062,-1.2748456
51.7493031,-1.2736217
51.7492131,-1.2734937
51.7544819,-1.2618973
51.7464304,-1.2737400
51.7465852,-1.2730173
51.7508759,-1.2691147
51.7507779,-1.2683391
51.7515262,-1.2760982
51.7525016,-1.2732903
51.7525579,-1.2732961
51.7525975,-1.2732989
51.7527537,-1.2733201
51.7535643,-1.2719803
51.7536054,-1.2719867
51.7542124,-1.2733760
51.7553361,-1.2732126
51.7463824,-1.2735445
51.7467103,-1.2720445
51.7467825,-1.2718650
51.7470624,-1.2710401
51.7473503,-1.2715955
51.7476027,-1.2719020
51.7477376,-1.2727482
51.7545225,-1.2542041
51.7544933,-1.2540708
51.7506551,-1.2572058
51.7511358,-1.2659229
51.7474036,-1.2482044
51.7475074,-1.2486852
51.7572040,-1.2586687
51.7571941,-1.2579578
51.7571286,-1.2574895
51.7570430,-1.2574111
51.7571586,-1.2568103
51.7572708,-1.2568818
51.7567495,-1.2587986
51.7559246,-1.2580139
51.7558645,-1.2579836
51.7561709,-1.2585658
51.7473819,-1.2481011
51.7527481,-1.2648580
51.7528008,-1.2648649
51.7526409,-1.2625112
51.7526773,-1.2624808
51.7527090,-1.2626033
51.7527381,-1.2622600
51.7527382,-1.2623476
51.7527500,-1.2625700
51.7527600,-1.2627616
51.7527790,-1.2624728
51.7527856,-1.2625410
51.7527979,-1.2625310
51.7528002,-1.2627293
51.7528215,-1.2625118
51.7528352,-1.2626992
51.7529076,-1.2634008
51.7525502,-1.2603247
51.7526815,-1.2597645
51.7527624,-1.2597998
51.7528892,-1.2598549
51.7530047,-1.2601550
51.7531047,-1.2599486
51.7533056,-1.2598945
51.7580337,-1.2545431
51.7527565,-1.2503975
51.7511125,-1.2521254
51.7512286,-1.2521669
51.7512905,-1.2517127
51.7537355,-1.2503794
51.7529340,-1.2493261
51.7528305,-1.2510608
51.7534079,-1.2514772
51.7560459,-1.2532332
51.7555190,-1.2544501
51.7556277,-1.2545111
51.7568513,-1.2539670
51.7551916,-1.2543370
51.7556603,-1.2576219
51.7556838,-1.2573339
51.7548796,-1.2560111
51.7549729,-1.2560488
51.7549921,-1.2559012
51.7551919,-1.2561628
51.7556001,-1.2568448
51.7546630,-1.2573978
51.7546857,-1.2574079
51.7547563,-1.2574334
51.7559770,-1.2582425
51.7560208,-1.2586338
51.7560179,-1.2587724
51.7560445,-1.2577086
51.7560527,-1.2585722
51.7561646,-1.2588569
51.7562522,-1.2583307
51.7563198,-1.2577990
51.7567188,-1.2561092
51.7521638,-1.2542201
51.7513676,-1.2538302
51.7513702,-1.2534784
51.7514979,-1.2535087
51.7515100,-1.2535086
51.7515793,-1.2535162
51.7516232,-1.2534954
51.7518612,-1.2541166
51.7518942,-1.2538188
51.7519053,-1.2533883
51.7520352,-1.2541046
51.7520444,-1.2538380
51.7521064,-1.2537682
51.7521290,-1.2534831
51.7521654,-1.2541453
51.7521621,-1.2544117
51.7522932,-1.2538170
51.7518118,-1.2527147
51.7521229,-1.2524300
51.7521413,-1.2526243
51.7524345,-1.2516514
51.7524453,-1.2517664
51.7524490,-1.2517870
51.7522934,-1.2508386
51.7525859,-1.2546751
51.7526121,-1.2546713
51.7530648,-1.2546657
51.7530705,-1.2546952
51.7530941,-1.2546381
51.7531955,-1.2548522
51.7532085,-1.2548558
51.7533099,-1.2545220
51.7529694,-1.2496958
51.7529794,-1.2497946
51.7529850,-1.2494126
51.7542702,-1.2515407
51.7543687,-1.2515102
51.7513639,-1.2538811
51.7520597,-1.2538223
51.7520985,-1.2537756
51.7518464,-1.2470859
51.7515804,-1.2470842
51.7499858,-1.2576085
51.7500272,-1.2580545
51.7501116,-1.2579162
51.7497296,-1.2589345
51.7498085,-1.2589203
51.7499010,-1.2591319
51.7550894,-1.2535167
51.7556147,-1.2539552
51.7556284,-1.2539633
51.7557338,-1.2540219
51.7560911,-1.2582783
51.7560948,-1.2584299
51.7561062,-1.2583268
51.7561118,-1.2582849
51.7561749,-1.2577515
51.7570800,-1.2586409
51.7504407,-1.2536017
51.7505904,-1.2535431
51.7506008,-1.2535433
51.7506009,-1.2531615
51.7506296,-1.2536137
51.7506433,-1.2535650
51.7506448,-1.2531907
51.7507215,-1.2535662
51.7507256,-1.2531928
51.7510063,-1.2537118
51.7510880,-1.2537172
51.7511154,-1.2537202
51.7534827,-1.2579482
51.7534889,-1.2576671
51.7535138,-1.2564800
51.7535311,-1.2563915
51.7535331,-1.2577275
51.7541389,-1.2537836
51.7541465,-1.2536853
51.7541500,-1.2536391
51.7545892,-1.2541548
51.7546181,-1.2539850
51.7546278,-1.2540658
51.7546482,-1.2540108
51.7547785,-1.2535750
51.7506406,-1.2515464
51.7506410,-1.2515443
51.7511747,-1.2516758
51.7513138,-1.2514976
51.7513442,-1.2488626
51.7513442,-1.2512310
51.7513868,-1.2490238
51.7546414,-1.2635738
51.7536174,-1.2563657
51.7536572,-1.2561468
51.7539041,-1.2558290
51.7527521,-1.2530169
51.7527712,-1.2530260
51.7527967,-1.2531776
51.7528093,-1.2530449
51.7528198,-1.2530487
51.7529908,-1.2532666
51.7530384,-1.2530249
51.7531499,-1.2530776
51.7531773,-1.2530848
51.7532632,-1.2531079
51.7532720,-1.2531111
51.7532948,-1.2535045
51.7533009,-1.2534653
51.7533129,-1.2533988
51.7535427,-1.2536183
51.7535509,-1.2535751
51.7535629,-1.2535084
51.7528826,-1.2527588
51.7493926,-1.2544774
51.7494942,-1.2544909
51.7510898,-1.2542710
51.7510989,-1.2541683
51.7486154,-1.2566112
51.7544296,-1.2572073
51.7475018,-1.2486674
51.7465949,-1.2601079
51.7518314,-1.2507348
51.7528736,-1.2589218
51.7531073,-1.2592278
51.7533459,-1.2593063
51.7564200,-1.2576137
51.7562191,-1.2587277
51.7475104,-1.2561291
51.7475081,-1.2562050
51.7472042,-1.2690197
51.7468679,-1.2700588
51.7537264,-1.2634375
51.7545629,-1.2630946
51.7532717,-1.2539416
51.7480695,-1.2651321
51.7556657,-1.2571785
51.7537620,-1.2696557
51.7529797,-1.2690304
51.7527203,-1.2692103
51.7529664,-1.2691293
51.7526373,-1.2692099
51.7525159,-1.2673132
51.7508685,-1.2614390
51.7550383,-1.2699923
51.7497184,-1.2623138
51.7503830,-1.2619458
51.7489865,-1.2643546
51.7497693,-1.2644151
51.7497359,-1.2641495
51.7498025,-1.2646948
51.7497731,-1.2644649
51.7497712,-1.2644400
51.7504213,-1.2648757
51.7503986,-1.2644539
51.7496433,-1.2641364
51.7491648,-1.2780535
51.7491674,-1.2779842
51.7491549,-1.2778889
51.7492560,-1.2658931
51.7492138,-1.2659919
51.7491981,-1.2659511
51.7491560,-1.2660540
51.7491393,-1.2660141
51.7490913,-1.2660984
51.7491602,-1.2659917
51.7492638,-1.2659120
51.7491913,-1.2653943
51.7491631,-1.2663674
51.7491738,-1.2663331
51.7491804,-1.2663454
51.7493874,-1.2660534
51.7493922,-1.2660623
51.7493321,-1.2658391
51.7493702,-1.2659143
51.7491490,-1.2660379
51.7492060,-1.2659716
51.7526931,-1.2674689
51.7489051,-1.2643881
51.7487617,-1.2610973
51.7491192,-1.2609054
51.7526015,-1.2689572
51.7522846,-1.2689435
51.7510593,-1.2671449
51.7508960,-1.2670896
51.7491614,-1.2649841
51.7509605,-1.2671808
51.7509755,-1.2670265
51.7509837,-1.2669798
51.7527410,-1.2521949
51.7526552,-1.2671680
51.7525523,-1.2673112
51.7525492,-1.2671865
51.7525780,-1.2671388
51.7527235,-1.2690297
51.7485327,-1.2748954
51.7527082,-1.2672019
51.7481995,-1.2657082
51.7484776,-1.2660738
51.7487978,-1.2661890
51.7491130,-1.2662987
51.7492682,-1.2656947
51.7489626,-1.2662470
51.7492509,-1.2653397
51.7490655,-1.2662811
51.7489272,-1.2660530
51.7493025,-1.2656586
51.7491542,-1.2654315
51.7477882,-1.2655218
51.7482951,-1.2660058
51.7486217,-1.2659369
51.7479456,-1.2653987
51.7527584,-1.2524168
51.7526926,-1.2524048
51.7527554,-1.2525852
51.7526612,-1.2523997
51.7527918,-1.2524244
51.7527818,-1.2522020
51.7527710,-1.2524185
51.7528013,-1.2522054
51.7526893,-1.2521881
51.7526786,-1.2524030
51.7526707,-1.2521850
51.7527568,-1.2528247
51.7527788,-1.2524219
51.7527887,-1.2522035
51.7526711,-1.2524010
51.7526803,-1.2521869
51.7527372,-1.2520225
51.7525574,-1.2533499
51.7527925,-1.2526528
51.7528303,-1.2520026
51.7525449,-1.2506275
51.7525500,-1.2507139
51.7526138,-1.2511218
51.7523280,-1.2546904
51.7525238,-1.2534828
51.7524236,-1.2540230
51.7524449,-1.2540275
51.7527091,-1.2525769
51.7526485,-1.2526211
51.7526237,-1.2526175
51.7525979,-1.2503526
51.7527750,-1.2520252
51.7526950,-1.2527941
51.7526805,-1.2525739
51.7526623,-1.2519919
51.7527104,-1.2520209
51.7526757,-1.2526267
51.7527398,-1.2525034
51.7526959,-1.2525003
51.7527194,-1.2520741
51.7527520,-1.2520780
51.7531704,-1.2672391
51.7527437,-1.2687897
51.7528610,-1.2678207
51.7530765,-1.2671900
51.7527215,-1.2526522
51.7527063,-1.2526145
51.7527043,-1.2526496
51.7527235,-1.2526171
51.7549005,-1.2546096
51.7548421,-1.2545261
51.7549748,-1.2543161
51.7548942,-1.2547141
51.7503699,-1.2553452
51.7499125,-1.2552901
51.7528778,-1.2676839
51.7568395,-1.2557269
51.7519678,-1.2475062
51.7519856,-1.2475107
51.7522774,-1.2483002
51.7515644,-1.2471057
51.7519560,-1.2477831
51.7523914,-1.2493229
51.7523113,-1.2488884
51.7519667,-1.2478125
51.7520296,-1.2479599
51.7518773,-1.2476244
51.7515448,-1.2470723
51.7516509,-1.2469206
51.7516629,-1.2469609
51.7516676,-1.2469545
51.7526209,-1.2504261
51.7526731,-1.2505837
51.7526605,-1.2511138
51.7527614,-1.2510922
51.7527688,-1.2510920
51.7526108,-1.2511026
51.7526301,-1.2510994
51.7525701,-1.2506196
51.7525222,-1.2504498
51.7523937,-1.2493505
51.7523998,-1.2493913
51.7506544,-1.2570831
51.7506543,-1.2570776
51.7506581,-1.2570252
51.7506496,-1.2570259
51.7506575,-1.2570834
51.7506574,-1.2571162
51.7565815,-1.2614700
51.7565864,-1.2614503
51.7506445,-1.2579934
51.7508583,-1.2577603
51.7507009,-1.2589003
51.7508201,-1.2588874
51.7508765,-1.2587962
51.7507989,-1.2588304
51.7506955,-1.2588352
51.7506842,-1.2585665
51.7507027,-1.2585651
51.7507767,-1.2585715
51.7509568,-1.2571221
51.7508737,-1.2576879
51.7513978,-1.2582633
51.7509447,-1.2595564
51.7510557,-1.2596644
51.7510625,-1.2596115
51.7509593,-1.2594849
51.7503377,-1.2594720
51.7503391,-1.2593750
51.7508755,-1.2577719
51.7506957,-1.2580368
51.7547089,-1.2547355
51.7547219,-1.2547103
51.7547412,-1.2546761
51.7547605,-1.2546455
51.7547757,-1.2546178
51.7547921,-1.2545920
51.7548032,-1.2545698
51.7548073,-1.2545518
51.7548103,-1.2545242
51.7548077,-1.2544942
51.7548006,-1.2544780
51.7547910,-1.2544588
51.7547791,-1.2544390
51.7547642,-1.2544240
51.7548461,-1.2531006
51.7548435,-1.2530631
51.7548353,-1.2529809
51.7561012,-1.2713300
51.7567654,-1.2716988
51.7568857,-1.2718020
51.7570791,-1.2718597
51.7571450,-1.2717785
51.7567647,-1.2718134
51.7561640,-1.2461860
51.7516577,-1.2470589
51.7516055,-1.2469566
51.7516108,-1.2470029
51.7516287,-1.2469491
51.7516136,-1.2469708
51.7516021,-1.2469880
51.7515841,-1.2470136
51.7515595,-1.2469002
51.7519932,-1.2475023
51.7519779,-1.2474974
51.7515785,-1.2470807
51.7516453,-1.2469276
51.7515600,-1.2470483
51.7518944,-1.2474879
51.7518865,-1.2476131
51.7517731,-1.2640794
51.7531578,-1.2623027
51.7520201,-1.2475790
51.7508349,-1.2489641
51.7508789,-1.2489203
51.7492357,-1.2623732
51.7547022,-1.2543691
51.7546537,-1.2547859
51.7482738,-1.2659497
51.7480995,-1.2654770
51.7493593,-1.2655990
51.7493225,-1.2658143
51.7488876,-1.2656581
51.7491712,-1.2659799
51.7544119,-1.2513948
51.7499151,-1.2605840
51.7511843,-1.2582272
51.7477699,-1.2559608
51.7477605,-1.2561929
51.7477485,-1.2564996
51.7525122,-1.2503561
51.7523599,-1.2504872
51.7489715,-1.2636176
51.7485828,-1.2614575
51.7527176,-1.2692828
51.7489531,-1.2643746
51.7491440,-1.2649432
51.7525485,-1.2533037
51.7526609,-1.2570864
51.7526209,-1.2573612
51.7525754,-1.2573917
51.7524164,-1.2576545
51.7523911,-1.2577847
51.7515850,-1.2597216
51.7516393,-1.2596938
51.7521507,-1.2600151
51.7513076,-1.2574678
51.7513252,-1.2573792
51.7506911,-1.2579940
51.7507917,-1.2579698
51.7491563,-1.2659721
51.7525414,-1.2690192
51.7505982,-1.2617458
51.7503465,-1.2611476
51.7492134,-1.2615334
51.7493256,-1.2623687
51.7492026,-1.2614534
51.7491139,-1.2608681
51.7488418,-1.2625238
51.7492179,-1.2622300
51.7491110,-1.2613660
51.7491480,-1.2613540
51.7492118,-1.2613334
51.7502382,-1.2609973
51.7494003,-1.2616045
51.7488530,-1.2625999
51.7492312,-1.2623367
51.7500592,-1.2605739
51.7499355,-1.2605564
51.7491534,-1.2609273
51.7490990,-1.2609512
51.7507069,-1.2610113
51.7505926,-1.2601065
51.7506510,-1.2610460
51.7514988,-1.2602265
51.7506010,-1.2608898
51.7506158,-1.2608519
51.7506165,-1.2618623
51.7490819,-1.2624350
51.7491034,-1.2609873
51.7491582,-1.2609606
51.7493494,-1.2612890
51.7494383,-1.2619110
51.7494156,-1.2615992
51.7493710,-1.2612820
51.7501082,-1.2606757
51.7490667,-1.2623400
51.7505958,-1.2600644
51.7527503,-1.2526414
51.7527091,-1.2519954
51.7532149,-1.2510110
51.7520112,-1.2479169
51.7519108,-1.2475809
51.7516065,-1.2470458
51.7557467,-1.2485521
51.7555915,-1.2480237
51.7488756,-1.2641159
51.7488164,-1.2638630
51.7487671,-1.2638056
51.7488562,-1.2638186
51.7488720,-1.2637276
51.7489056,-1.2636397
51.7489393,-1.2635614
51.7490853,-1.2635343
51.7488476,-1.2625538
51.7517873,-1.2640936
51.7516659,-1.2647023
51.7516978,-1.2644882
51.7556668,-1.2716657
51.7556510,-1.2712087
51.7490195,-1.2638320
51.7489981,-1.2636546
51.7490004,-1.2636782
51.7498387,-1.2634159
51.7498573,-1.2633734
51.7495733,-1.2622704
51.7515762,-1.2601967
51.7530653,-1.2754329
51.7537533,-1.2773267
51.7525540,-1.2723756
51.7525938,-1.2723795
51.7536395,-1.2715262
51.7525302,-1.2711557
51.7551002,-1.2601440
51.7549091,-1.2600899
51.7550162,-1.2601170
51.7541045,-1.2525266
51.7540781,-1.2525183
51.7525441,-1.2721288
51.7538468,-1.2625309
51.7525351,-1.2728859
51.7554272,-1.2594833
51.7553920,-1.2597316
51.7541540,-1.2549866
51.7544835,-1.2551576
51.7546311,-1.2545973
51.7543815,-1.2548421
51.7550488,-1.2613855
51.7541203,-1.2552146
51.7541915,-1.2552382
51.7543713,-1.2552782
51.7548765,-1.2545810
51.7547152,-1.2506726
51.7547138,-1.2513225
51.7545681,-1.2519497
51.7547010,-1.2506747
51.7543894,-1.2501448
51.7561913,-1.2660471
51.7562009,-1.2658167
51.7561992,-1.2658703
51.7563038,-1.2657351
51.7511712,-1.2517012
51.7511044,-1.2516557
51.7510446,-1.2516283
51.7513669,-1.2521616
51.7536318,-1.2662492
51.7534995,-1.2676283
51.7533290,-1.2661017
