     
leisure id: 3338916
51.7539744,-1.2781202
51.7540789,-1.2785414
51.7541928,-1.2781623
51.7545719,-1.2781791
51.7546892,-1.2778881
51.7548641,-1.2775290
51.7548855,-1.2772917
51.7549326,-1.2768520
51.7549683,-1.2765096
51.7549881,-1.2761125
51.7550039,-1.2758660
51.7550510,-1.2756431
51.7551248,-1.2754916
51.7552412,-1.2749781
51.7548716,-1.2749828
51.7547909,-1.2752801
51.7547082,-1.2755891
51.7545637,-1.2756105
51.7543831,-1.2756105
51.7540592,-1.2756143
51.7538573,-1.2756229
51.7538538,-1.2755376
51.7537970,-1.2755303
51.7535938,-1.2755043
51.7535272,-1.2754958
51.7533570,-1.2753940
51.7532029,-1.2753781
51.7529910,-1.2753358
51.7529060,-1.2752757
51.7528680,-1.2753553
51.7528495,-1.2754449
51.7531896,-1.2759513
51.7532919,-1.2761735
51.7534314,-1.2764324
51.7535579,-1.2767499
51.7536686,-1.2770848
51.7537753,-1.2774324
51.7538099,-1.2775470
51.7538883,-1.2778229
51.7539744,-1.2781202
leisure_type: recreation_ground
     
leisure id: 3342918
51.7537033,-1.2753534
51.7537163,-1.2750184
51.7538134,-1.2750282
51.7538005,-1.2753632
51.7537033,-1.2753534
leisure_type: pitch
     
leisure id: 3662791
51.7468456,-1.2424335
51.7482430,-1.2437246
51.7482345,-1.2438278
51.7480106,-1.2444209
51.7478121,-1.2449578
51.7473087,-1.2462841
51.7471062,-1.2468289
51.7470568,-1.2469607
51.7455280,-1.2458093
51.7468456,-1.2424335
leisure_type: recreation_ground
     
leisure id: 3809032
51.7507736,-1.2810501
51.7509059,-1.2807658
51.7509258,-1.2805405
51.7509474,-1.2803517
51.7509208,-1.2799011
51.7510278,-1.2797937
51.7510208,-1.2795856
51.7510105,-1.2793596
51.7508627,-1.2792745
51.7508328,-1.2784696
51.7508307,-1.2776767
51.7508070,-1.2773754
51.7505887,-1.2770102
51.7503779,-1.2772306
51.7498548,-1.2777016
51.7491908,-1.2782221
51.7490633,-1.2790786
51.7492562,-1.2808487
51.7495383,-1.2806379
51.7496747,-1.2805431
51.7498779,-1.2806341
51.7500004,-1.2811166
51.7500884,-1.2814745
51.7501771,-1.2815528
51.7502704,-1.2815603
51.7504563,-1.2813457
51.7507501,-1.2811236
51.7507736,-1.2810501
leisure_type: park
     
leisure id: 23153016
51.7561820,-1.2687678
51.7565071,-1.2693115
51.7567243,-1.2689727
51.7565995,-1.2687637
51.7563993,-1.2684288
51.7561820,-1.2687678
leisure_type: pitch
     
leisure id: 23926633
51.7575245,-1.2491366
51.7580823,-1.2466788
51.7587620,-1.2470168
51.7591206,-1.2471026
51.7594571,-1.2472281
51.7598153,-1.2474656
51.7600205,-1.2476149
51.7600088,-1.2476717
51.7599289,-1.2481194
51.7596514,-1.2494397
51.7594614,-1.2493223
51.7594813,-1.2492304
51.7594868,-1.2492083
51.7594539,-1.2491083
51.7594203,-1.2490082
51.7592707,-1.2488959
51.7589920,-1.2501305
51.7582914,-1.2496142
51.7575245,-1.2491366
leisure_type: recreation_ground
     
leisure id: 23926917
51.7580219,-1.2506728
51.7580335,-1.2506343
51.7582819,-1.2498113
51.7574911,-1.2493174
51.7571295,-1.2490894
51.7570863,-1.2492858
51.7569643,-1.2509946
51.7568846,-1.2517643
51.7576128,-1.2520285
51.7577842,-1.2514604
51.7573899,-1.2512478
51.7574412,-1.2510135
51.7569925,-1.2507721
51.7571187,-1.2501754
51.7579857,-1.2506443
51.7580219,-1.2506728
leisure_type: recreation_ground
     
leisure id: 25168886
51.7489014,-1.2651970
51.7487301,-1.2646975
51.7485115,-1.2648931
51.7482293,-1.2651456
51.7481613,-1.2652064
51.7481733,-1.2652414
51.7482195,-1.2653762
51.7483326,-1.2657059
51.7483663,-1.2656757
51.7489014,-1.2651970
leisure_type: ice_rink
     
leisure id: 25201875
51.7486177,-1.2697316
51.7487028,-1.2695904
51.7487327,-1.2693528
51.7486821,-1.2690259
51.7485373,-1.2688588
51.7483510,-1.2688217
51.7482613,-1.2689071
51.7486177,-1.2697316
leisure_type: garden
     
leisure id: 25624255
51.7557970,-1.2591962
51.7563710,-1.2594271
51.7563825,-1.2594123
51.7563894,-1.2593536
51.7563906,-1.2593091
51.7563808,-1.2592838
51.7558112,-1.2590873
51.7557970,-1.2591962
leisure_type: park
     
leisure id: 27183575
51.7578193,-1.2625713
51.7578738,-1.2624271
51.7578867,-1.2623658
51.7578854,-1.2622884
51.7578761,-1.2622287
51.7578566,-1.2621713
51.7577892,-1.2620840
51.7576876,-1.2619848
51.7576395,-1.2619476
51.7575820,-1.2619456
51.7575332,-1.2619755
51.7574891,-1.2620333
51.7574611,-1.2621233
51.7574104,-1.2622973
51.7574032,-1.2623638
51.7574068,-1.2624262
51.7574297,-1.2625179
51.7574685,-1.2625703
51.7575627,-1.2626341
51.7576675,-1.2626859
51.7577045,-1.2626935
51.7577346,-1.2626788
51.7577683,-1.2626572
51.7577957,-1.2626161
51.7578193,-1.2625713
leisure_type: park
     
leisure id: 32115167
51.7466815,-1.2665588
51.7468935,-1.2667018
51.7469743,-1.2666202
51.7470203,-1.2663126
51.7470218,-1.2663032
51.7470633,-1.2660374
51.7470937,-1.2657787
51.7471150,-1.2655565
51.7471180,-1.2653424
51.7470956,-1.2651580
51.7470689,-1.2649913
51.7470381,-1.2648890
51.7470058,-1.2648222
51.7469615,-1.2647712
51.7469055,-1.2647333
51.7468455,-1.2647087
51.7467664,-1.2647156
51.7466521,-1.2647350
51.7465657,-1.2647399
51.7464964,-1.2647202
51.7464193,-1.2646719
51.7463600,-1.2646137
51.7463101,-1.2645347
51.7462413,-1.2643845
51.7461871,-1.2642341
51.7460884,-1.2639650
51.7459690,-1.2636094
51.7458821,-1.2633496
51.7458058,-1.2631159
51.7458017,-1.2630185
51.7458012,-1.2629079
51.7458886,-1.2625891
51.7459323,-1.2624114
51.7459654,-1.2623160
51.7460092,-1.2622490
51.7451877,-1.2616903
51.7451609,-1.2616730
51.7449874,-1.2615622
51.7448905,-1.2614988
51.7445442,-1.2612758
51.7441402,-1.2606605
51.7434028,-1.2595375
51.7433377,-1.2597045
51.7434387,-1.2599232
51.7434516,-1.2599869
51.7439859,-1.2608061
51.7440203,-1.2611628
51.7442541,-1.2615833
51.7440702,-1.2621799
51.7440363,-1.2622900
51.7436748,-1.2634630
51.7448123,-1.2647896
51.7466815,-1.2665588
leisure_type: park
     
leisure id: 33150934
51.7488403,-1.2710481
51.7488948,-1.2709439
51.7489079,-1.2706493
51.7488468,-1.2704570
51.7486842,-1.2702572
51.7480002,-1.2685336
51.7478750,-1.2682241
51.7473782,-1.2678466
51.7471661,-1.2676951
51.7472157,-1.2678937
51.7472783,-1.2681037
51.7473567,-1.2682189
51.7473901,-1.2683128
51.7475042,-1.2684403
51.7476827,-1.2686462
51.7481692,-1.2698068
51.7485530,-1.2706582
51.7488403,-1.2710481
leisure_type: marina
     
leisure id: 38627748
51.7533570,-1.2753940
51.7532029,-1.2753781
51.7529910,-1.2753358
51.7530441,-1.2748809
51.7533794,-1.2749095
51.7533570,-1.2753940
leisure_type: playground
     
leisure id: 38627749
51.7527731,-1.2751642
51.7528263,-1.2748895
51.7530441,-1.2748809
51.7529910,-1.2753358
51.7529060,-1.2752757
51.7527731,-1.2751642
leisure_type: sports_centre
     
leisure id: 77881344
51.7526354,-1.2473781
51.7528422,-1.2472529
51.7527195,-1.2468281
51.7526166,-1.2469147
51.7525334,-1.2469897
51.7525787,-1.2471640
51.7526354,-1.2473781
leisure_type: garden
     
leisure id: 77881356
51.7526118,-1.2465629
51.7524295,-1.2467162
51.7524338,-1.2467295
51.7524891,-1.2469012
51.7525860,-1.2468198
51.7526166,-1.2469147
51.7527195,-1.2468281
51.7526533,-1.2466228
51.7526359,-1.2466374
51.7526118,-1.2465629
leisure_type: garden
     
leisure id: 77881408
51.7526354,-1.2473781
51.7525787,-1.2471640
51.7525015,-1.2472173
51.7525233,-1.2472996
51.7524570,-1.2473454
51.7524919,-1.2474772
51.7526354,-1.2473781
leisure_type: garden
     
leisure id: 89415126
51.7537425,-1.2520170
51.7535929,-1.2520764
51.7534851,-1.2520861
51.7534814,-1.2520459
51.7534441,-1.2520493
51.7534690,-1.2518839
51.7534516,-1.2516572
51.7534256,-1.2514604
51.7537082,-1.2514247
51.7537013,-1.2515036
51.7537609,-1.2519887
51.7537425,-1.2520170
leisure_type: garden
     
leisure id: 89415143
51.7534141,-1.2519965
51.7534400,-1.2518746
51.7534232,-1.2516697
51.7533839,-1.2514676
51.7531954,-1.2514990
51.7531945,-1.2519498
51.7534141,-1.2519965
leisure_type: garden
     
leisure id: 89415161
51.7531863,-1.2519577
51.7531893,-1.2514994
51.7530095,-1.2515231
51.7530146,-1.2516444
51.7529844,-1.2516465
51.7529775,-1.2519482
51.7531460,-1.2519778
51.7531479,-1.2519542
51.7531863,-1.2519577
leisure_type: garden
     
leisure id: 103138648
51.7561624,-1.2507558
51.7564780,-1.2507702
51.7564736,-1.2510201
51.7561580,-1.2510056
51.7561624,-1.2507558
leisure_type: pitch
     
leisure id: 103138656
51.7564592,-1.2505575
51.7569649,-1.2506571
51.7570638,-1.2493452
51.7565582,-1.2492456
51.7564592,-1.2505575
leisure_type: pitch
     
leisure id: 103138660
51.7570863,-1.2492858
51.7567073,-1.2491498
51.7564836,-1.2490524
51.7564820,-1.2489991
51.7560948,-1.2490284
51.7558523,-1.2491054
51.7557084,-1.2491511
51.7557142,-1.2492005
51.7554368,-1.2493632
51.7554554,-1.2494886
51.7554918,-1.2497341
51.7556869,-1.2496687
51.7557507,-1.2502153
51.7558227,-1.2501904
51.7558680,-1.2504858
51.7559774,-1.2505087
51.7559990,-1.2507225
51.7560015,-1.2509266
51.7560461,-1.2509330
51.7560444,-1.2510130
51.7561258,-1.2510183
51.7564729,-1.2510410
51.7565827,-1.2510237
51.7565942,-1.2509263
51.7569643,-1.2509946
51.7570863,-1.2492858
leisure_type: recreation_ground
     
leisure id: 109230102
51.7478019,-1.2660734
51.7481115,-1.2661233
51.7482738,-1.2659497
51.7482904,-1.2659319
51.7482506,-1.2658220
51.7482950,-1.2657807
51.7482841,-1.2657497
51.7481733,-1.2654345
51.7481676,-1.2654182
51.7481223,-1.2652894
51.7480996,-1.2652249
51.7482423,-1.2650977
51.7487208,-1.2646695
51.7488701,-1.2645382
51.7487339,-1.2640850
51.7486440,-1.2640287
51.7485413,-1.2639998
51.7484741,-1.2639769
51.7484118,-1.2639510
51.7483105,-1.2639279
51.7482064,-1.2639418
51.7481142,-1.2640028
51.7479936,-1.2640979
51.7479278,-1.2641386
51.7478415,-1.2641616
51.7477820,-1.2641682
51.7477185,-1.2641728
51.7476532,-1.2641497
51.7475187,-1.2641073
51.7473638,-1.2640628
51.7472224,-1.2640171
51.7470875,-1.2639704
51.7469770,-1.2639435
51.7469010,-1.2639205
51.7468043,-1.2639002
51.7466903,-1.2638863
51.7466001,-1.2638660
51.7465049,-1.2638331
51.7464062,-1.2637884
51.7463230,-1.2637716
51.7463005,-1.2637966
51.7463088,-1.2638720
51.7464174,-1.2641741
51.7465215,-1.2642755
51.7465797,-1.2643323
51.7466614,-1.2643773
51.7467950,-1.2643641
51.7469606,-1.2643652
51.7470116,-1.2643752
51.7470757,-1.2644259
51.7471150,-1.2644933
51.7471688,-1.2645847
51.7472295,-1.2647295
51.7472786,-1.2648909
51.7473013,-1.2650972
51.7473251,-1.2653114
51.7473620,-1.2653757
51.7473896,-1.2654760
51.7473828,-1.2655762
51.7473689,-1.2657255
51.7473337,-1.2659201
51.7478019,-1.2660734
leisure_type: recreation_ground
     
leisure id: 113607598
51.7497516,-1.2486139
51.7497910,-1.2486393
51.7503811,-1.2488889
51.7506386,-1.2482145
51.7508467,-1.2487774
51.7515713,-1.2481127
51.7515595,-1.2480801
51.7515503,-1.2480888
51.7514225,-1.2477350
51.7514404,-1.2477182
51.7513695,-1.2475219
51.7514030,-1.2474903
51.7513760,-1.2474155
51.7514126,-1.2473704
51.7513700,-1.2472472
51.7512962,-1.2472916
51.7512607,-1.2471991
51.7512861,-1.2471780
51.7513002,-1.2471664
51.7512702,-1.2470716
51.7512644,-1.2470463
51.7512467,-1.2470639
51.7512270,-1.2470540
51.7512101,-1.2470117
51.7511913,-1.2470303
51.7511505,-1.2469183
51.7511720,-1.2468973
51.7511589,-1.2468599
51.7511668,-1.2468226
51.7512260,-1.2467723
51.7512084,-1.2467223
51.7511942,-1.2467365
51.7511404,-1.2465802
51.7511026,-1.2466172
51.7510611,-1.2465092
51.7509816,-1.2465441
51.7507414,-1.2466007
51.7503385,-1.2466694
51.7502714,-1.2466826
51.7502546,-1.2467209
51.7501454,-1.2471521
51.7500723,-1.2473694
51.7499627,-1.2477502
51.7498548,-1.2482250
51.7497516,-1.2486139
leisure_type: garden
     
leisure id: 114537583
51.7548106,-1.2529641
51.7547960,-1.2528124
51.7547694,-1.2528190
51.7547029,-1.2528357
51.7547175,-1.2529874
51.7548106,-1.2529641
leisure_type: garden
     
leisure id: 114537584
51.7546336,-1.2527181
51.7546190,-1.2527217
51.7545798,-1.2527313
51.7545602,-1.2525233
51.7546633,-1.2524980
51.7546689,-1.2525568
51.7546196,-1.2525689
51.7546336,-1.2527181
leisure_type: garden
     
leisure id: 126104157
51.7470342,-1.2612213
51.7471790,-1.2613127
51.7470811,-1.2617174
51.7469363,-1.2616259
51.7470342,-1.2612213
leisure_type: playground
     
leisure id: 126369486
51.7543539,-1.2506264
51.7542001,-1.2490217
51.7536647,-1.2490626
51.7530762,-1.2490486
51.7530843,-1.2492613
51.7530967,-1.2493724
51.7531163,-1.2496876
51.7531878,-1.2496776
51.7531897,-1.2497184
51.7537719,-1.2496346
51.7537617,-1.2505108
51.7537632,-1.2505300
51.7542353,-1.2504183
51.7542613,-1.2506471
51.7543539,-1.2506264
leisure_type: garden
     
leisure id: 139735432
51.7561703,-1.2536704
51.7562433,-1.2534733
51.7564627,-1.2536058
51.7567111,-1.2537546
51.7567852,-1.2537990
51.7567573,-1.2543684
51.7567332,-1.2547686
51.7562804,-1.2545982
51.7561721,-1.2545397
51.7561142,-1.2544965
51.7560656,-1.2544701
51.7561189,-1.2542255
51.7561243,-1.2542033
51.7561593,-1.2540435
51.7560971,-1.2540085
51.7561703,-1.2536704
leisure_type: garden
     
leisure id: 145078406
51.7505947,-1.2525800
51.7504292,-1.2524943
51.7505410,-1.2519582
51.7505577,-1.2519660
51.7506985,-1.2520398
51.7506694,-1.2521858
51.7505947,-1.2525800
leisure_type: garden
     
leisure id: 145079228
51.7511536,-1.2510982
51.7511644,-1.2510210
51.7511887,-1.2510246
51.7512916,-1.2510541
51.7513615,-1.2510753
51.7513831,-1.2510802
51.7514488,-1.2510947
51.7514562,-1.2510410
51.7514971,-1.2507424
51.7515089,-1.2505537
51.7515667,-1.2496833
51.7515381,-1.2495369
51.7514936,-1.2495583
51.7515113,-1.2496499
51.7514642,-1.2496736
51.7514465,-1.2495821
51.7512204,-1.2496746
51.7509074,-1.2498197
51.7507615,-1.2507549
51.7507434,-1.2507619
51.7507314,-1.2507879
51.7507370,-1.2508173
51.7507516,-1.2508271
51.7507331,-1.2509185
51.7511536,-1.2510982
leisure_type: garden
     
leisure id: 145079230
51.7507066,-1.2512750
51.7506533,-1.2515530
51.7506485,-1.2515779
51.7506168,-1.2515618
51.7507331,-1.2509185
51.7511536,-1.2510982
51.7511483,-1.2511459
51.7511685,-1.2511538
51.7511264,-1.2514789
51.7509173,-1.2513789
51.7508710,-1.2513564
51.7507708,-1.2513075
51.7507066,-1.2512750
leisure_type: garden
     
leisure id: 146575292
51.7502816,-1.2530077
51.7500451,-1.2529494
51.7497925,-1.2529361
51.7494645,-1.2529382
51.7494720,-1.2535525
51.7495086,-1.2537760
51.7496115,-1.2538336
51.7497220,-1.2536353
51.7501840,-1.2537579
51.7502816,-1.2530077
leisure_type: garden
     
leisure id: 148103430
51.7567573,-1.2543684
51.7567852,-1.2537990
51.7570342,-1.2539136
51.7574025,-1.2541592
51.7573952,-1.2541950
51.7571415,-1.2552853
51.7569462,-1.2551761
51.7568383,-1.2551413
51.7567124,-1.2551706
51.7567190,-1.2550998
51.7567306,-1.2549402
51.7567332,-1.2547686
51.7567573,-1.2543684
leisure_type: garden
     
leisure id: 148103431
51.7566809,-1.2555112
51.7567124,-1.2551706
51.7567190,-1.2550998
51.7567306,-1.2549402
51.7567332,-1.2547686
51.7562804,-1.2545982
51.7561721,-1.2545397
51.7560523,-1.2550349
51.7561006,-1.2550637
51.7560819,-1.2551463
51.7563380,-1.2553032
51.7566809,-1.2555112
leisure_type: garden
     
leisure id: 154782013
51.7565009,-1.2659445
51.7565368,-1.2658950
51.7563514,-1.2657771
51.7564047,-1.2658635
51.7564351,-1.2659196
51.7564707,-1.2659819
51.7565009,-1.2659445
leisure_type: garden
     
leisure id: 169617898
51.7549759,-1.2646349
51.7549829,-1.2644793
51.7549732,-1.2644782
51.7549748,-1.2644425
51.7549499,-1.2644396
51.7549507,-1.2644228
51.7547191,-1.2643956
51.7547098,-1.2646036
51.7549759,-1.2646349
leisure_type: garden
     
leisure id: 187908805
51.7558674,-1.2572568
51.7561914,-1.2555326
51.7557362,-1.2552385
51.7554955,-1.2565420
51.7556665,-1.2566533
51.7555581,-1.2570693
51.7558674,-1.2572568
leisure_type: garden
     
leisure id: 187908806
51.7563456,-1.2582109
51.7569462,-1.2584165
51.7569609,-1.2579938
51.7569417,-1.2578183
51.7564966,-1.2576808
51.7564066,-1.2577366
51.7563926,-1.2578413
51.7563456,-1.2582109
leisure_type: garden
     
leisure id: 187908916
51.7572992,-1.2585287
51.7573905,-1.2582149
51.7573648,-1.2580754
51.7572239,-1.2579891
51.7571971,-1.2581035
51.7570172,-1.2580213
51.7569796,-1.2583396
51.7572461,-1.2585689
51.7572992,-1.2585287
leisure_type: garden
     
leisure id: 199187654
51.7541035,-1.2680476
51.7540728,-1.2681403
51.7540113,-1.2683276
51.7539315,-1.2683028
51.7538973,-1.2682920
51.7538908,-1.2683522
51.7539271,-1.2683710
51.7539501,-1.2683946
51.7539777,-1.2684431
51.7539951,-1.2685058
51.7539974,-1.2685957
51.7539683,-1.2686957
51.7539221,-1.2687560
51.7538805,-1.2687690
51.7538457,-1.2687654
51.7538375,-1.2688410
51.7538720,-1.2688514
51.7539336,-1.2689441
51.7544196,-1.2691084
51.7544700,-1.2688310
51.7545223,-1.2684716
51.7545746,-1.2682919
51.7545049,-1.2681229
51.7544270,-1.2680090
51.7543654,-1.2679499
51.7543125,-1.2679259
51.7542185,-1.2679124
51.7541562,-1.2679298
51.7541035,-1.2680476
leisure_type: garden
     
leisure id: 203340892
51.7505900,-1.2525687
51.7506351,-1.2523504
51.7504824,-1.2522681
51.7504373,-1.2524863
51.7505900,-1.2525687
leisure_type: pitch
     
leisure id: 230198044
51.7540556,-1.2525551
51.7540493,-1.2529950
51.7540219,-1.2529932
51.7540089,-1.2529927
51.7539068,-1.2529809
51.7538887,-1.2529788
51.7538886,-1.2529353
51.7538885,-1.2528694
51.7537859,-1.2528258
51.7536154,-1.2527521
51.7535254,-1.2527150
51.7535135,-1.2527064
51.7535162,-1.2525681
51.7535180,-1.2524982
51.7535200,-1.2523614
51.7537108,-1.2523454
51.7537873,-1.2523286
51.7538171,-1.2523220
51.7538350,-1.2524951
51.7540556,-1.2525551
leisure_type: garden
     
leisure id: 230240248
51.7537349,-1.2555749
51.7537662,-1.2555282
51.7538094,-1.2552341
51.7538042,-1.2551926
51.7538264,-1.2550417
51.7539018,-1.2550697
51.7539527,-1.2547250
51.7538700,-1.2546932
51.7538839,-1.2545985
51.7536275,-1.2545025
51.7535262,-1.2554736
51.7537003,-1.2555580
51.7537349,-1.2555749
leisure_type: garden
     
leisure id: 230314843
51.7529771,-1.2522225
51.7529458,-1.2522163
51.7529313,-1.2524497
51.7529248,-1.2524488
51.7529234,-1.2524732
51.7529383,-1.2524752
51.7529333,-1.2525629
51.7529582,-1.2525731
51.7531563,-1.2526546
51.7531805,-1.2525027
51.7531981,-1.2523786
51.7532179,-1.2522387
51.7532265,-1.2521780
51.7529826,-1.2521181
51.7529771,-1.2522225
leisure_type: garden
     
leisure id: 234349723
51.7504759,-1.2720193
51.7504509,-1.2721983
51.7497186,-1.2718542
51.7495510,-1.2718174
51.7494813,-1.2717530
51.7495523,-1.2715875
51.7498233,-1.2717423
51.7504759,-1.2720193
leisure_type: marina
     
leisure id: 251379374
51.7515087,-1.2629926
51.7513111,-1.2625715
51.7511832,-1.2626519
51.7514755,-1.2632179
51.7515087,-1.2629926
leisure_type: garden
     
leisure id: 255644838
51.7578566,-1.2594384
51.7579693,-1.2589252
51.7578921,-1.2588239
51.7578046,-1.2587897
51.7577747,-1.2588541
51.7576838,-1.2592028
51.7576679,-1.2592770
51.7577122,-1.2592999
51.7577464,-1.2593187
51.7577352,-1.2593717
51.7578566,-1.2594384
leisure_type: garden
     
leisure id: 255887645
51.7502953,-1.2598067
51.7503558,-1.2598145
51.7504475,-1.2598264
51.7504547,-1.2596795
51.7505093,-1.2596865
51.7505162,-1.2595469
51.7505193,-1.2594839
51.7503438,-1.2594612
51.7503359,-1.2596194
51.7503048,-1.2596153
51.7502953,-1.2598067
leisure_type: garden
     
leisure id: 263863441
51.7576528,-1.2518636
51.7577127,-1.2514587
51.7574292,-1.2513570
51.7573700,-1.2517700
51.7576528,-1.2518636
leisure_type: pitch
     
leisure id: 282387054
51.7581460,-1.2492126
51.7576398,-1.2489249
51.7579664,-1.2474253
51.7584726,-1.2477130
51.7581460,-1.2492126
leisure_type: pitch
     
leisure id: 282387055
51.7579365,-1.2505685
51.7571398,-1.2501362
51.7573088,-1.2493233
51.7581055,-1.2497556
51.7579365,-1.2505685
leisure_type: pitch
     
leisure id: 292047264
51.7559109,-1.2585049
51.7559149,-1.2584755
51.7559438,-1.2582714
51.7558863,-1.2582502
51.7557393,-1.2581914
51.7557039,-1.2584301
51.7558216,-1.2584731
51.7558490,-1.2584822
51.7559109,-1.2585049
leisure_type: garden
     
leisure id: 292574270
51.7524766,-1.2619849
51.7523801,-1.2620607
51.7524558,-1.2622968
51.7525537,-1.2622167
51.7524766,-1.2619849
leisure_type: park
     
leisure id: 292574271
51.7529372,-1.2624004
51.7528680,-1.2621830
51.7527575,-1.2622747
51.7528267,-1.2624922
51.7529372,-1.2624004
leisure_type: park
     
leisure id: 293563583
51.7529692,-1.2598577
51.7529122,-1.2598319
51.7529811,-1.2594340
51.7530382,-1.2594598
51.7529692,-1.2598577
leisure_type: garden
     
leisure id: 293563607
51.7530415,-1.2601998
51.7530963,-1.2599584
51.7527600,-1.2598055
51.7527177,-1.2599946
51.7530415,-1.2601998
leisure_type: garden
     
leisure id: 293563608
51.7526334,-1.2598034
51.7526558,-1.2596888
51.7526322,-1.2595721
51.7524167,-1.2594755
51.7523794,-1.2596767
51.7526334,-1.2598034
leisure_type: garden
     
leisure id: 295073492
51.7540284,-1.2495034
51.7540177,-1.2495484
51.7539990,-1.2495858
51.7539740,-1.2496121
51.7539452,-1.2496247
51.7539154,-1.2496222
51.7538875,-1.2496050
51.7538643,-1.2495748
51.7538481,-1.2495344
51.7538403,-1.2494879
51.7538418,-1.2494398
51.7538525,-1.2493947
51.7538712,-1.2493573
51.7538962,-1.2493310
51.7539250,-1.2493184
51.7539548,-1.2493209
51.7539826,-1.2493381
51.7540058,-1.2493684
51.7540221,-1.2494087
51.7540299,-1.2494552
51.7540284,-1.2495034
leisure_type: garden
     
leisure id: 296204752
51.7558274,-1.2537892
51.7560218,-1.2538973
51.7560819,-1.2536207
51.7561703,-1.2536704
51.7562433,-1.2534733
51.7559446,-1.2532741
51.7559381,-1.2532681
51.7559283,-1.2532383
51.7559291,-1.2532303
51.7559435,-1.2531699
51.7558560,-1.2531192
51.7557872,-1.2534671
51.7558873,-1.2535254
51.7558274,-1.2537892
leisure_type: garden
     
leisure id: 300514937
51.7516147,-1.2525218
51.7517059,-1.2525679
51.7517211,-1.2524748
51.7516309,-1.2524312
51.7516147,-1.2525218
leisure_type: sports_centre
     
leisure id: 301448863
51.7535967,-1.2569867
51.7536754,-1.2570293
51.7536793,-1.2570120
51.7537429,-1.2570466
51.7537691,-1.2570574
51.7538454,-1.2566995
51.7538028,-1.2566740
51.7538121,-1.2566136
51.7536697,-1.2565495
51.7536278,-1.2568009
51.7535967,-1.2569867
leisure_type: garden
     
leisure id: 301650407
51.7534190,-1.2526001
51.7534249,-1.2525602
51.7534937,-1.2525848
51.7535043,-1.2523593
51.7533708,-1.2523414
51.7533083,-1.2523353
51.7533125,-1.2522671
51.7532830,-1.2522619
51.7532651,-1.2524048
51.7533269,-1.2524280
51.7533235,-1.2524476
51.7533358,-1.2524597
51.7533309,-1.2524918
51.7533155,-1.2524934
51.7533061,-1.2525502
51.7532933,-1.2525445
51.7532820,-1.2526134
51.7533585,-1.2526458
51.7533847,-1.2526541
51.7533868,-1.2526392
51.7533936,-1.2526329
51.7534132,-1.2526395
51.7534190,-1.2526001
leisure_type: garden
     
leisure id: 301661539
51.7528455,-1.2553356
51.7528543,-1.2553351
51.7529463,-1.2553170
51.7529918,-1.2552846
51.7530243,-1.2552913
51.7530157,-1.2553550
51.7529965,-1.2553490
51.7529877,-1.2554239
51.7530776,-1.2554702
51.7530698,-1.2555228
51.7529630,-1.2554702
51.7529550,-1.2555475
51.7528670,-1.2554966
51.7528540,-1.2554836
51.7528457,-1.2554672
51.7528455,-1.2553356
leisure_type: garden
     
leisure id: 301661543
51.7526063,-1.2555958
51.7526052,-1.2555520
51.7526199,-1.2555357
51.7526163,-1.2554609
51.7526652,-1.2554653
51.7526779,-1.2554884
51.7526957,-1.2554883
51.7527062,-1.2554630
51.7527790,-1.2554652
51.7528457,-1.2554672
51.7528540,-1.2554836
51.7528670,-1.2554966
51.7528122,-1.2557862
51.7528238,-1.2557970
51.7528077,-1.2558713
51.7527127,-1.2558191
51.7527209,-1.2556709
51.7526711,-1.2556709
51.7526843,-1.2556441
51.7526827,-1.2556119
51.7526727,-1.2555958
51.7526063,-1.2555958
leisure_type: garden
     
leisure id: 305476881
51.7461198,-1.2602798
51.7461132,-1.2603093
51.7460733,-1.2603120
51.7460551,-1.2602985
51.7460468,-1.2602556
51.7460849,-1.2602449
51.7461198,-1.2602798
leisure_type: garden
     
leisure id: 305476882
51.7461165,-1.2604702
51.7461513,-1.2604715
51.7461184,-1.2605790
51.7461016,-1.2605775
51.7460883,-1.2605212
51.7461165,-1.2604702
leisure_type: garden
     
leisure id: 308611952
51.7559690,-1.2575862
51.7559471,-1.2575729
51.7558889,-1.2575459
51.7558039,-1.2580388
51.7558497,-1.2580571
51.7559121,-1.2580821
51.7559246,-1.2580139
51.7559690,-1.2575862
leisure_type: garden
     
leisure id: 308611953
51.7569417,-1.2578183
51.7570402,-1.2574867
51.7570724,-1.2574380
51.7571291,-1.2573477
51.7571433,-1.2572910
51.7571688,-1.2571056
51.7571773,-1.2570442
51.7571836,-1.2570207
51.7572064,-1.2569324
51.7572228,-1.2568511
51.7572368,-1.2567890
51.7572598,-1.2566999
51.7572680,-1.2566699
51.7573872,-1.2562373
51.7562796,-1.2555281
51.7562416,-1.2555037
51.7558889,-1.2575459
51.7559690,-1.2575862
51.7561862,-1.2576549
51.7563433,-1.2577100
51.7563548,-1.2577127
51.7564066,-1.2577366
51.7564966,-1.2576808
51.7569417,-1.2578183
leisure_type: garden
     
leisure id: 323646271
51.7471806,-1.2613055
51.7472054,-1.2611962
51.7470615,-1.2611054
51.7470365,-1.2612125
51.7471806,-1.2613055
leisure_type: pitch
     
leisure id: 359895124
51.7505232,-1.2544810
51.7508185,-1.2545315
51.7509835,-1.2545604
51.7509726,-1.2546940
51.7509372,-1.2546859
51.7509017,-1.2550934
51.7509370,-1.2551014
51.7509238,-1.2552532
51.7507567,-1.2552230
51.7507670,-1.2551010
51.7504852,-1.2550594
51.7505232,-1.2544810
leisure_type: garden
     
leisure id: 359895127
51.7501872,-1.2537693
51.7501833,-1.2537994
51.7501726,-1.2539174
51.7501527,-1.2539214
51.7501259,-1.2539163
51.7500913,-1.2539142
51.7500714,-1.2539488
51.7500693,-1.2539849
51.7500722,-1.2540153
51.7500487,-1.2540180
51.7500551,-1.2541797
51.7498898,-1.2542497
51.7497176,-1.2541998
51.7496802,-1.2541502
51.7495872,-1.2539084
51.7496173,-1.2538388
51.7497286,-1.2536457
51.7501872,-1.2537693
leisure_type: garden
     
leisure id: 359895128
51.7505540,-1.2541450
51.7505232,-1.2544810
51.7504852,-1.2550594
51.7501892,-1.2550232
51.7501954,-1.2548283
51.7503056,-1.2548334
51.7503137,-1.2543733
51.7501640,-1.2543664
51.7501651,-1.2542923
51.7501953,-1.2541822
51.7501972,-1.2541402
51.7505540,-1.2541450
leisure_type: garden
     
leisure id: 359895130
51.7498813,-1.2544679
51.7498898,-1.2542497
51.7497176,-1.2541998
51.7496802,-1.2541502
51.7495872,-1.2539084
51.7496070,-1.2546014
51.7498269,-1.2546101
51.7498295,-1.2544655
51.7498813,-1.2544679
leisure_type: garden
     
leisure id: 361795790
51.7555740,-1.2550204
51.7555642,-1.2550548
51.7554795,-1.2549973
51.7554880,-1.2549603
51.7555740,-1.2550204
leisure_type: garden
     
leisure id: 361795791
51.7556095,-1.2550928
51.7556200,-1.2550525
51.7559450,-1.2552764
51.7559378,-1.2552752
51.7559336,-1.2552770
51.7559320,-1.2552846
51.7559328,-1.2552904
51.7559339,-1.2552968
51.7559338,-1.2553016
51.7556095,-1.2550928
leisure_type: garden
     
leisure id: 361795792
51.7562861,-1.2555065
51.7562796,-1.2555281
51.7562416,-1.2555037
51.7560208,-1.2553578
51.7560228,-1.2553536
51.7560264,-1.2553515
51.7560285,-1.2553464
51.7560288,-1.2553421
51.7560279,-1.2553367
51.7560244,-1.2553306
51.7562861,-1.2555065
leisure_type: garden
     
leisure id: 376151727
51.7572222,-1.2616179
51.7573505,-1.2612972
51.7574276,-1.2610837
51.7574197,-1.2610777
51.7575066,-1.2608345
51.7574992,-1.2608266
51.7575802,-1.2606134
51.7575373,-1.2605893
51.7575240,-1.2605803
51.7575139,-1.2606284
51.7575060,-1.2606340
51.7574790,-1.2606172
51.7574755,-1.2606066
51.7574858,-1.2605559
51.7574815,-1.2605532
51.7574758,-1.2605495
51.7574579,-1.2606166
51.7574167,-1.2605881
51.7573371,-1.2608859
51.7573166,-1.2609440
51.7571101,-1.2615186
51.7571156,-1.2615216
51.7571379,-1.2615418
51.7571448,-1.2615480
51.7571551,-1.2615573
51.7572222,-1.2616179
leisure_type: garden
     
leisure id: 398567052
51.7523850,-1.2648687
51.7523999,-1.2648699
51.7524114,-1.2648693
51.7524296,-1.2648657
51.7524493,-1.2648524
51.7524608,-1.2648386
51.7524656,-1.2648308
51.7524389,-1.2648248
51.7524013,-1.2648152
51.7523772,-1.2648056
51.7523828,-1.2648458
51.7523850,-1.2648687
leisure_type: garden
     
leisure id: 414001407
51.7507840,-1.2600272
51.7507790,-1.2600265
51.7507803,-1.2600044
51.7507852,-1.2600051
51.7507840,-1.2600272
leisure_type: garden
     
leisure id: 414001409
51.7507870,-1.2599668
51.7507807,-1.2599661
51.7507817,-1.2599409
51.7507880,-1.2599416
51.7507870,-1.2599668
leisure_type: garden
     
leisure id: 422886127
51.7535839,-1.2753291
51.7535968,-1.2749942
51.7536940,-1.2750040
51.7536810,-1.2753389
51.7535839,-1.2753291
leisure_type: pitch
     
leisure id: 422886156
51.7534941,-1.2754106
51.7533570,-1.2753940
51.7533794,-1.2749095
51.7535166,-1.2749261
51.7534941,-1.2754106
leisure_type: pitch
     
leisure id: 430874206
51.7569462,-1.2551761
51.7568383,-1.2551413
51.7567124,-1.2551706
51.7566809,-1.2555112
51.7567170,-1.2555363
51.7568748,-1.2555552
51.7568826,-1.2555741
51.7569335,-1.2556305
51.7570458,-1.2557040
51.7571415,-1.2552853
51.7569462,-1.2551761
leisure_type: garden
     
leisure id: 540074274
51.7546352,-1.2755473
51.7542924,-1.2755152
51.7543123,-1.2749612
51.7546551,-1.2749934
51.7546352,-1.2755473
leisure_type: pitch
     
leisure id: 540074275
51.7542454,-1.2755037
51.7539026,-1.2754716
51.7539226,-1.2749176
51.7542654,-1.2749498
51.7542454,-1.2755037
leisure_type: pitch
     
leisure id: 551992500
51.7579917,-1.2730187
51.7580234,-1.2729594
51.7580303,-1.2728969
51.7580343,-1.2727940
51.7580113,-1.2727128
51.7579820,-1.2726626
51.7579388,-1.2726193
51.7579085,-1.2726022
51.7578391,-1.2725950
51.7577965,-1.2726236
51.7577570,-1.2726684
51.7577268,-1.2727202
51.7576945,-1.2727297
51.7576549,-1.2727538
51.7576155,-1.2727591
51.7575490,-1.2727509
51.7575267,-1.2728168
51.7575108,-1.2728682
51.7574958,-1.2729191
51.7575712,-1.2730056
51.7576233,-1.2730369
51.7576925,-1.2730611
51.7578195,-1.2730597
51.7578580,-1.2730783
51.7578948,-1.2730874
51.7579500,-1.2730663
51.7579917,-1.2730187
leisure_type: garden
     
leisure id: 556632295
51.7529851,-1.2542294
51.7530657,-1.2535090
51.7529513,-1.2534352
51.7529374,-1.2534773
51.7529054,-1.2537282
51.7529293,-1.2537367
51.7529267,-1.2537631
51.7529027,-1.2537546
51.7528928,-1.2538363
51.7529206,-1.2538437
51.7529174,-1.2538768
51.7528890,-1.2538676
51.7528665,-1.2540537
51.7527954,-1.2540301
51.7527827,-1.2541566
51.7529851,-1.2542294
leisure_type: garden
     
leisure id: 556632296
51.7539629,-1.2556127
51.7538454,-1.2555559
51.7538815,-1.2553313
51.7540505,-1.2554053
51.7540638,-1.2553359
51.7541522,-1.2553647
51.7541416,-1.2554521
51.7540749,-1.2554333
51.7540634,-1.2555206
51.7540445,-1.2556534
51.7540188,-1.2556464
51.7539629,-1.2556127
leisure_type: garden
     
leisure id: 556632303
51.7555694,-1.2480733
51.7554550,-1.2481565
51.7554230,-1.2480372
51.7553379,-1.2480968
51.7552859,-1.2479280
51.7553036,-1.2479167
51.7555321,-1.2477713
51.7555680,-1.2479182
51.7556030,-1.2478959
51.7556112,-1.2479293
51.7556206,-1.2479904
51.7556127,-1.2479970
51.7556350,-1.2480845
51.7555866,-1.2481092
51.7555694,-1.2480733
leisure_type: garden
     
leisure id: 559483860
51.7565264,-1.2506121
51.7559735,-1.2504485
51.7558822,-1.2501964
51.7557676,-1.2495607
51.7560565,-1.2491852
51.7565081,-1.2491128
51.7566608,-1.2494454
51.7566907,-1.2502179
51.7565264,-1.2506121
leisure_type: pitch
     
leisure id: 585442228
51.7580484,-1.2623308
51.7580148,-1.2622946
51.7578207,-1.2627770
51.7578643,-1.2628172
51.7580484,-1.2623308
leisure_type: park
     
leisure id: 588782803
51.7524362,-1.2708852
51.7524495,-1.2705961
51.7523670,-1.2705718
51.7523571,-1.2708742
51.7524362,-1.2708852
leisure_type: garden
     
leisure id: 588782804
51.7523258,-1.2720758
51.7523166,-1.2723330
51.7524585,-1.2723362
51.7524645,-1.2720991
51.7524656,-1.2718682
51.7524464,-1.2718606
51.7524311,-1.2720142
51.7524462,-1.2720172
51.7524405,-1.2720933
51.7523258,-1.2720758
leisure_type: garden
     
leisure id: 588782806
51.7520285,-1.2723007
51.7519010,-1.2720770
51.7518484,-1.2720623
51.7517130,-1.2722308
51.7520285,-1.2723007
leisure_type: garden
     
leisure id: 723279207
51.7514948,-1.2494984
51.7513921,-1.2495188
51.7513492,-1.2493070
51.7514357,-1.2492409
51.7514948,-1.2494984
leisure_type: garden
