     
building id: 164952390
52.5373121,1.4807567
52.5374934,1.4807604
52.5374904,1.4810733
52.5374825,1.4815140
52.5373930,1.4815157
52.5373964,1.4814186
52.5373116,1.4814131
52.5373121,1.4807567
building_type: parking
     
building id: 164952565
52.5354425,1.4814218
52.5352867,1.4815203
52.5351121,1.4816122
52.5350470,1.4816389
52.5350172,1.4817140
52.5350159,1.4817717
52.5349870,1.4817732
52.5349876,1.4819322
52.5350185,1.4819354
52.5350397,1.4819888
52.5351869,1.4819833
52.5351869,1.4821061
52.5353387,1.4821042
52.5353745,1.4820982
52.5354110,1.4820929
52.5354203,1.4819288
52.5354455,1.4814774
52.5354425,1.4814218
building_type: parking
     
building id: 168295140
52.5335835,1.4819627
52.5335848,1.4820363
52.5335333,1.4820388
52.5335345,1.4821096
52.5334361,1.4821143
52.5334335,1.4819699
52.5335835,1.4819627
building_type: pub
     
building id: 183042414
     
building id: 183042414
52.5349959,1.4833117
52.5350213,1.4833110
52.5350204,1.4832228
52.5350906,1.4832209
52.5350914,1.4833025
52.5351435,1.4833010
52.5351441,1.4833568
52.5351465,1.4835961
52.5351586,1.4835957
52.5351590,1.4836352
52.5351468,1.4836355
52.5351483,1.4837871
52.5351197,1.4837878
52.5351203,1.4838445
52.5350448,1.4838465
52.5350443,1.4837965
52.5350094,1.4837974
52.5350053,1.4833973
52.5349484,1.4833988
52.5349480,1.4833562
52.5349476,1.4833137
52.5349762,1.4833129
52.5349752,1.4833062
52.5349759,1.4832994
52.5349781,1.4832936
52.5349815,1.4832896
52.5349856,1.4832880
52.5349897,1.4832892
52.5349932,1.4832928
52.5349957,1.4832984
52.5349966,1.4833050
52.5349959,1.4833117
building_type: church
     
building id: 223118998
52.5348025,1.4737685
52.5346362,1.4738312
52.5346074,1.4736251
52.5344964,1.4736669
52.5345266,1.4738836
52.5345007,1.4738934
52.5345149,1.4739947
52.5345296,1.4739892
52.5345444,1.4740948
52.5345237,1.4741026
52.5345378,1.4742040
52.5345700,1.4741919
52.5345798,1.4742618
52.5346837,1.4742227
52.5346566,1.4740286
52.5348297,1.4739634
52.5348025,1.4737685
building_type: hospital
     
building id: 223582655
     
building id: 223582655
52.5409609,1.4835032
52.5409715,1.4835806
52.5409414,1.4835918
52.5409677,1.4837846
52.5409209,1.4838020
52.5409183,1.4837834
52.5408665,1.4838026
52.5408415,1.4836203
52.5408151,1.4836301
52.5408108,1.4835986
52.5408062,1.4835650
52.5408302,1.4835562
52.5408278,1.4835385
52.5408646,1.4835249
52.5408486,1.4834077
52.5409142,1.4833834
52.5409321,1.4835138
52.5409609,1.4835032
building_type: church
     
building id: 258083576
52.5355538,1.4815049
52.5355461,1.4817418
52.5355446,1.4817879
52.5357787,1.4818085
52.5357853,1.4816051
52.5356989,1.4815975
52.5356961,1.4816827
52.5356259,1.4816765
52.5356313,1.4815118
52.5355538,1.4815049
building_type: undefined
     
building id: 263139070
52.5461715,1.4737861
52.5461226,1.4740436
52.5460182,1.4739846
52.5460671,1.4737218
52.5461715,1.4737861
building_type: house
     
building id: 263139071
52.5465270,1.4740647
52.5465570,1.4739165
52.5466339,1.4739586
52.5465357,1.4744467
52.5466043,1.4744842
52.5466766,1.4741271
52.5466417,1.4741080
52.5466757,1.4739398
52.5465219,1.4738556
52.5464843,1.4740413
52.5465270,1.4740647
building_type: house
     
building id: 263215001
52.5465828,1.4745773
52.5464709,1.4745129
52.5464416,1.4746506
52.5465535,1.4747150
52.5465828,1.4745773
building_type: house
     
building id: 263215004
52.5461356,1.4744674
52.5462661,1.4738559
52.5463444,1.4738934
52.5462433,1.4743816
52.5464031,1.4744781
52.5463738,1.4745962
52.5461356,1.4744674
building_type: house
     
building id: 276970824
52.5381427,1.4882859
52.5381060,1.4882859
52.5380811,1.4884332
52.5380800,1.4887765
52.5382099,1.4887648
52.5382119,1.4883956
52.5381427,1.4882859
building_type: parking
     
building id: 335243528
52.5350720,1.4784371
52.5350709,1.4780824
52.5351050,1.4780821
52.5351041,1.4777803
52.5353258,1.4777784
52.5353267,1.4780845
52.5352683,1.4780850
52.5352694,1.4784354
52.5350720,1.4784371
building_type: sports_centre
     
building id: 335243532
52.5354330,1.4779669
52.5355440,1.4783773
52.5352878,1.4784658
52.5352846,1.4781010
52.5353368,1.4780984
52.5353433,1.4780233
52.5354330,1.4779669
building_type: parking
     
building id: 459196103
52.5387010,1.4572596
52.5387018,1.4574956
52.5385574,1.4574929
52.5386178,1.4572582
52.5387010,1.4572596
building_type: parking
     
building id: 461614995
52.5324203,1.4790364
52.5324535,1.4789608
52.5324301,1.4789331
52.5324535,1.4788798
52.5324172,1.4788366
52.5324271,1.4788141
52.5324241,1.4787687
52.5323868,1.4787260
52.5324088,1.4786739
52.5321338,1.4783596
52.5320451,1.4783587
52.5318274,1.4788397
52.5319588,1.4790005
52.5320693,1.4787563
52.5320862,1.4787770
52.5321371,1.4786646
52.5321022,1.4786219
52.5321204,1.4785817
52.5323218,1.4788282
52.5321849,1.4791307
52.5322062,1.4791568
52.5321409,1.4793010
52.5321232,1.4792794
52.5321377,1.4792475
52.5317383,1.4787588
52.5317491,1.4787347
52.5317765,1.4787682
52.5319092,1.4784753
52.5318733,1.4784313
52.5319053,1.4783606
52.5319571,1.4784240
52.5320747,1.4781645
52.5319216,1.4779771
52.5316419,1.4785946
52.5316576,1.4786138
52.5316416,1.4786494
52.5315974,1.4785954
52.5315259,1.4787533
52.5315342,1.4788314
52.5319646,1.4793630
52.5319335,1.4794311
52.5318675,1.4793495
52.5318094,1.4794766
52.5319836,1.4796916
52.5320856,1.4794683
52.5321385,1.4795335
52.5320971,1.4796242
52.5321974,1.4797481
52.5322311,1.4796744
52.5323224,1.4797872
52.5323919,1.4796350
52.5322221,1.4794252
52.5323054,1.4792428
52.5323349,1.4792825
52.5323161,1.4793724
52.5324222,1.4794367
52.5324899,1.4790840
52.5324203,1.4790364
building_type: school
     
building id: 461614998
52.5333504,1.4778970
52.5331174,1.4778683
52.5331214,1.4777816
52.5329693,1.4777629
52.5329837,1.4774442
52.5333067,1.4774839
52.5333039,1.4775458
52.5333660,1.4775535
52.5333504,1.4778970
building_type: undefined
     
building id: 462182414
52.5336290,1.4741697
52.5333783,1.4741672
52.5333798,1.4737630
52.5333515,1.4737627
52.5333522,1.4735862
52.5333309,1.4735860
52.5333306,1.4736765
52.5332372,1.4736756
52.5332381,1.4734435
52.5333336,1.4734445
52.5333333,1.4735320
52.5333522,1.4735322
52.5333523,1.4735158
52.5334012,1.4735163
52.5334018,1.4733450
52.5335416,1.4733464
52.5335414,1.4734051
52.5336128,1.4734058
52.5336117,1.4737116
52.5335803,1.4737113
52.5335800,1.4737954
52.5336303,1.4737959
52.5336290,1.4741697
building_type: school
     
building id: 462964853
52.5355928,1.4807928
52.5355619,1.4804980
52.5354988,1.4804777
52.5354790,1.4804228
52.5354645,1.4804266
52.5354098,1.4804411
52.5353702,1.4805367
52.5352651,1.4805387
52.5352749,1.4805825
52.5352960,1.4806769
52.5353368,1.4806647
52.5354184,1.4808944
52.5355928,1.4807928
building_type: parking
     
building id: 469963866
52.5333992,1.4801587
52.5333818,1.4802368
52.5334984,1.4803071
52.5335242,1.4801915
52.5335452,1.4801811
52.5335558,1.4801336
52.5335455,1.4800913
52.5334871,1.4800560
52.5334716,1.4801253
52.5334865,1.4801728
52.5334789,1.4802067
52.5333992,1.4801587
building_type: undefined
     
building id: 469963869
52.5333391,1.4793965
52.5333910,1.4794291
52.5332635,1.4799783
52.5332431,1.4799655
52.5332161,1.4800820
52.5332331,1.4800927
52.5332164,1.4801647
52.5331846,1.4801448
52.5331581,1.4802592
52.5333111,1.4803553
52.5333767,1.4800730
52.5334312,1.4801072
52.5335083,1.4797753
52.5335334,1.4797911
52.5335773,1.4796023
52.5335125,1.4795617
52.5335202,1.4795285
52.5334781,1.4795021
52.5335325,1.4792675
52.5333899,1.4791780
52.5333391,1.4793965
building_type: school
     
building id: 521269506
52.5373829,1.4814339
52.5373817,1.4815158
52.5373123,1.4815131
52.5373135,1.4814312
52.5373829,1.4814339
building_type: undefined
     
building id: 581501751
52.5364654,1.4811306
52.5365011,1.4814554
52.5364579,1.4814192
52.5363273,1.4813736
52.5363000,1.4811641
52.5363725,1.4811449
52.5364654,1.4811306
building_type: parking
     
building id: 594655985
52.5338449,1.4891692
52.5338268,1.4892165
52.5337785,1.4891664
52.5337965,1.4891192
52.5338449,1.4891692
building_type: undefined
     
building id: 594655986
52.5335550,1.4893113
52.5334825,1.4892819
52.5334985,1.4891752
52.5335710,1.4892046
52.5335550,1.4893113
building_type: garage
     
building id: 594655993
52.5337770,1.4891413
52.5337356,1.4892636
52.5337207,1.4892500
52.5336982,1.4893165
52.5336387,1.4892621
52.5336651,1.4891841
52.5335712,1.4890981
52.5336161,1.4889653
52.5336808,1.4890245
52.5336734,1.4890465
52.5337770,1.4891413
building_type: house
     
building id: 594655995
52.5338234,1.4891212
52.5338637,1.4890355
52.5338184,1.4889777
52.5337780,1.4890635
52.5338234,1.4891212
building_type: garage
     
building id: 594655996
52.5338475,1.4889877
52.5337883,1.4889025
52.5337771,1.4889235
52.5337372,1.4888661
52.5337943,1.4887590
52.5338262,1.4888050
52.5338778,1.4887082
52.5339124,1.4887581
52.5338742,1.4888298
52.5339067,1.4888766
52.5338475,1.4889877
building_type: house
     
building id: 594656002
52.5337641,1.4886077
52.5337071,1.4885833
52.5336862,1.4887148
52.5336473,1.4886981
52.5336559,1.4886435
52.5335992,1.4886192
52.5335800,1.4887398
52.5336309,1.4887616
52.5336181,1.4888428
52.5336676,1.4888640
52.5336732,1.4888287
52.5337306,1.4888533
52.5337541,1.4887047
52.5337490,1.4887025
52.5337641,1.4886077
building_type: house
     
building id: 594658776
     
building id: 594658776
52.5353888,1.4810501
52.5354247,1.4812218
52.5355470,1.4811037
52.5355095,1.4808744
52.5354557,1.4808999
52.5354810,1.4810427
52.5354300,1.4810736
52.5354226,1.4810286
52.5353888,1.4810501
building_type: house
     
building id: 594658778
52.5355916,1.4804747
52.5355544,1.4804874
52.5355411,1.4803822
52.5355922,1.4803648
52.5355985,1.4804152
52.5355846,1.4804199
52.5355916,1.4804747
building_type: house
     
building id: 594658779
52.5356098,1.4802340
52.5355548,1.4802518
52.5355684,1.4803655
52.5356028,1.4803544
52.5355980,1.4803152
52.5356188,1.4803085
52.5356098,1.4802340
building_type: house
     
building id: 594658780
52.5353796,1.4803007
52.5353270,1.4803175
52.5353453,1.4804725
52.5353979,1.4804556
52.5353796,1.4803007
building_type: house
     
building id: 642634578
52.5286326,1.4571859
52.5285183,1.4571526
52.5284952,1.4573666
52.5285626,1.4573863
52.5285725,1.4572941
52.5286194,1.4573078
52.5286326,1.4571859
building_type: undefined
     
building id: 642634579
52.5286188,1.4578364
52.5286667,1.4579967
52.5285295,1.4581075
52.5285089,1.4580388
52.5286022,1.4579635
52.5285748,1.4578719
52.5286188,1.4578364
building_type: undefined
     
building id: 642634580
52.5294779,1.4582045
52.5293512,1.4579966
52.5294287,1.4578689
52.5293904,1.4578060
52.5292728,1.4579998
52.5294378,1.4582705
52.5294779,1.4582045
building_type: house
     
building id: 642634581
52.5300083,1.4589847
52.5301507,1.4588541
52.5301995,1.4589979
52.5302427,1.4589582
52.5303110,1.4591593
52.5302455,1.4592194
52.5301967,1.4590755
52.5301731,1.4590971
52.5301577,1.4590517
52.5300611,1.4591403
52.5300083,1.4589847
building_type: house
     
building id: 642634582
52.5305449,1.4612707
52.5304638,1.4613458
52.5305348,1.4615531
52.5306044,1.4614887
52.5305907,1.4614485
52.5306022,1.4614378
52.5305449,1.4612707
building_type: house
     
building id: 642634583
52.5317216,1.4630135
52.5316373,1.4630643
52.5316583,1.4631584
52.5316863,1.4631415
52.5317059,1.4632296
52.5316687,1.4632521
52.5316870,1.4633341
52.5317957,1.4632685
52.5317604,1.4631104
52.5317452,1.4631195
52.5317216,1.4630135
building_type: undefined
     
building id: 642634584
52.5317662,1.4635801
52.5316890,1.4636412
52.5317278,1.4637739
52.5317808,1.4637319
52.5317863,1.4637506
52.5318273,1.4637181
52.5318062,1.4636461
52.5317894,1.4636593
52.5317662,1.4635801
building_type: undefined
     
building id: 642634585
52.5318789,1.4638945
52.5317387,1.4640014
52.5317770,1.4641372
52.5318212,1.4641035
52.5318152,1.4640822
52.5318659,1.4640436
52.5318751,1.4640763
52.5319050,1.4640535
52.5318909,1.4640034
52.5319063,1.4639916
52.5318789,1.4638945
building_type: undefined
     
building id: 642634586
52.5320336,1.4640437
52.5319481,1.4641007
52.5319705,1.4641917
52.5320561,1.4641347
52.5320336,1.4640437
building_type: undefined
     
building id: 642634603
52.5322013,1.4583628
52.5318048,1.4590574
52.5318957,1.4591975
52.5320607,1.4589084
52.5320256,1.4588544
52.5322571,1.4584489
52.5322013,1.4583628
building_type: farm_auxiliary
     
building id: 642634604
52.5323635,1.4588800
52.5322937,1.4587464
52.5323198,1.4587036
52.5322815,1.4586456
52.5321304,1.4588863
52.5321657,1.4589442
52.5320699,1.4591144
52.5321074,1.4591610
52.5322393,1.4589367
52.5322976,1.4590211
52.5323635,1.4588800
building_type: farm_auxiliary
     
building id: 642634605
52.5323849,1.4590551
52.5323489,1.4589946
52.5322301,1.4592101
52.5322240,1.4592038
52.5322132,1.4592290
52.5321642,1.4591597
52.5321327,1.4592240
52.5321803,1.4592820
52.5321573,1.4593324
52.5322937,1.4594634
52.5323696,1.4595630
52.5324256,1.4594710
52.5323412,1.4593576
52.5323849,1.4592706
52.5323420,1.4592202
52.5323006,1.4593084
52.5322646,1.4592656
52.5323849,1.4590551
building_type: farm_auxiliary
     
building id: 642634606
52.5324263,1.4591282
52.5325904,1.4593966
52.5324999,1.4595743
52.5325819,1.4597028
52.5325474,1.4597810
52.5323696,1.4595630
52.5324256,1.4594710
52.5324907,1.4593550
52.5323918,1.4591799
52.5324263,1.4591282
building_type: farm_auxiliary
     
building id: 642634607
52.5327375,1.4598263
52.5326609,1.4597117
52.5325467,1.4599234
52.5326318,1.4600431
52.5327375,1.4598263
building_type: farm_auxiliary
     
building id: 642634609
52.5330512,1.4587961
52.5329674,1.4587085
52.5328745,1.4589489
52.5329865,1.4590658
52.5330268,1.4589614
52.5329987,1.4589321
52.5330512,1.4587961
building_type: undefined
     
building id: 642635253
52.5349568,1.4570584
52.5348838,1.4570296
52.5348304,1.4573582
52.5348671,1.4573722
52.5349164,1.4573327
52.5349568,1.4570584
building_type: undefined
     
building id: 642635254
52.5348700,1.4567299
52.5348003,1.4571043
52.5346117,1.4570095
52.5346291,1.4569159
52.5346585,1.4569306
52.5347102,1.4566526
52.5346753,1.4566350
52.5346853,1.4565813
52.5348135,1.4566457
52.5348040,1.4566968
52.5348700,1.4567299
building_type: undefined
     
building id: 673328446
52.5425727,1.4880212
52.5424964,1.4880853
52.5425616,1.4882954
52.5426196,1.4882468
52.5425900,1.4881515
52.5426309,1.4881172
52.5426113,1.4880539
52.5425887,1.4880728
52.5425727,1.4880212
building_type: house
     
building id: 673328448
52.5430296,1.4893171
52.5429817,1.4893633
52.5430262,1.4894880
52.5430740,1.4894419
52.5430296,1.4893171
building_type: undefined
     
building id: 673328449
52.5429664,1.4889942
52.5428876,1.4890592
52.5428416,1.4889087
52.5428693,1.4888859
52.5428508,1.4888253
52.5429019,1.4887831
52.5429664,1.4889942
building_type: house
     
building id: 673328451
52.5429553,1.4886985
52.5429196,1.4887248
52.5429490,1.4888332
52.5429848,1.4888070
52.5429553,1.4886985
building_type: undefined
     
building id: 673342630
52.5463577,1.4621780
52.5461983,1.4621413
52.5461907,1.4622312
52.5462169,1.4622373
52.5462067,1.4623575
52.5462521,1.4623679
52.5462619,1.4622533
52.5463501,1.4622744
52.5463577,1.4621780
building_type: undefined
     
building id: 673342631
52.5463902,1.4622813
52.5463501,1.4622744
52.5463421,1.4624007
52.5463822,1.4624076
52.5463902,1.4622813
building_type: undefined
     
building id: 673342632
52.5463949,1.4626001
52.5463393,1.4625925
52.5463322,1.4627316
52.5461275,1.4627035
52.5461214,1.4628233
52.5462572,1.4628420
52.5462544,1.4628976
52.5463081,1.4629050
52.5463102,1.4628633
52.5463930,1.4628748
52.5463994,1.4627488
52.5463874,1.4627472
52.5463949,1.4626001
building_type: undefined
     
building id: 673342633
52.5461463,1.4622166
52.5460854,1.4622019
52.5460695,1.4623802
52.5461304,1.4623949
52.5461463,1.4622166
building_type: undefined
     
building id: 673342642
52.5412571,1.4687452
52.5411956,1.4687250
52.5411991,1.4686725
52.5411402,1.4686511
52.5411388,1.4686360
52.5411417,1.4686144
52.5412692,1.4686609
52.5412571,1.4687452
building_type: undefined
     
building id: 673342643
52.5412571,1.4687452
52.5412477,1.4688230
52.5412390,1.4688201
52.5412335,1.4688651
52.5411835,1.4688487
52.5411876,1.4688149
52.5411793,1.4688121
52.5411826,1.4687848
52.5411368,1.4687698
52.5411404,1.4687403
52.5411917,1.4687571
52.5411956,1.4687250
52.5412571,1.4687452
building_type: undefined
     
building id: 673543489
52.5429681,1.4889727
52.5430042,1.4889398
52.5430311,1.4890196
52.5429950,1.4890525
52.5429681,1.4889727
building_type: undefined
     
building id: 673543490
52.5425823,1.4882988
52.5426143,1.4882674
52.5426469,1.4883573
52.5426150,1.4883886
52.5425823,1.4882988
building_type: undefined
     
building id: 674123492
52.5428620,1.4733913
52.5427563,1.4733527
52.5427133,1.4736710
52.5428014,1.4737033
52.5428128,1.4736193
52.5427765,1.4736060
52.5427890,1.4735140
52.5428427,1.4735336
52.5428620,1.4733913
building_type: undefined
     
building id: 674313787
52.5345838,1.4940889
52.5344735,1.4940158
52.5343914,1.4943510
52.5345017,1.4944240
52.5345838,1.4940889
building_type: undefined
     
building id: 674313789
52.5344160,1.4939089
52.5343261,1.4938447
52.5342231,1.4942344
52.5343130,1.4942986
52.5344160,1.4939089
building_type: undefined
     
building id: 674313790
52.5345047,1.4946181
52.5344404,1.4945781
52.5343834,1.4948479
52.5343932,1.4948535
52.5343794,1.4949187
52.5343670,1.4949116
52.5343513,1.4949854
52.5343742,1.4949986
52.5343598,1.4950663
52.5344078,1.4950936
52.5344493,1.4948973
52.5345033,1.4949281
52.5345383,1.4947624
52.5344769,1.4947341
52.5345047,1.4946181
building_type: undefined
     
building id: 674313792
52.5343294,1.4948214
52.5342416,1.4947817
52.5342957,1.4944581
52.5343835,1.4944977
52.5343294,1.4948214
building_type: undefined
     
building id: 674313793
52.5343228,1.4950447
52.5342556,1.4950149
52.5342830,1.4948478
52.5343503,1.4948777
52.5343228,1.4950447
building_type: undefined
     
building id: 685495306
52.5356727,1.4804694
52.5357265,1.4808892
52.5356544,1.4809142
52.5356006,1.4804944
52.5356727,1.4804694
building_type: undefined
     
building id: 699366286
52.5270964,1.4920286
52.5276138,1.4923149
52.5277203,1.4917948
52.5272029,1.4915085
52.5270964,1.4920286
building_type: industrial
     
building id: 722724510
52.5449056,1.4830253
52.5449476,1.4829953
52.5449677,1.4830711
52.5449594,1.4830770
52.5449256,1.4831012
52.5449056,1.4830253
building_type: garage
     
building id: 722724511
52.5448569,1.4828725
52.5449245,1.4828241
52.5449662,1.4829820
52.5449476,1.4829953
52.5449056,1.4830253
52.5448986,1.4830303
52.5448569,1.4828725
building_type: bungalow
     
building id: 722724512
52.5448535,1.4831527
52.5449256,1.4831012
52.5449594,1.4830770
52.5449844,1.4831715
52.5449271,1.4832124
52.5449361,1.4832468
52.5448876,1.4832815
52.5448535,1.4831527
building_type: bungalow
