     
leisure id: 128617464
52.5377960,1.4811051
52.5377829,1.4812607
52.5378539,1.4812714
52.5378963,1.4822558
52.5379665,1.4822129
52.5379768,1.4822593
52.5379882,1.4823129
52.5379192,1.4823658
52.5379751,1.4825516
52.5380432,1.4824918
52.5381982,1.4829505
52.5382438,1.4829156
52.5382557,1.4829459
52.5382683,1.4829907
52.5382112,1.4830417
52.5382259,1.4830873
52.5382471,1.4831409
52.5383058,1.4830953
52.5384412,1.4835835
52.5383727,1.4836371
52.5383020,1.4836823
52.5382620,1.4837010
52.5382239,1.4835402
52.5381695,1.4834711
52.5381689,1.4833960
52.5381346,1.4832983
52.5380953,1.4831522
52.5380732,1.4831163
52.5380414,1.4830378
52.5379861,1.4830068
52.5379355,1.4830229
52.5378784,1.4830417
52.5378295,1.4830202
52.5378234,1.4829352
52.5378153,1.4829030
52.5376761,1.4828647
52.5373373,1.4827287
52.5373373,1.4823398
52.5373841,1.4823389
52.5373857,1.4823094
52.5373829,1.4822754
52.5376304,1.4822665
52.5376663,1.4823658
52.5377370,1.4822995
52.5376973,1.4821458
52.5376554,1.4820581
52.5375097,1.4820064
52.5375689,1.4812186
52.5376668,1.4812347
52.5376810,1.4810783
52.5377960,1.4811051
leisure_type: marina
     
leisure id: 223582658
52.5413365,1.4828192
52.5411923,1.4828361
52.5411431,1.4832369
52.5411683,1.4836639
52.5413822,1.4838125
52.5413365,1.4828192
leisure_type: playground
     
leisure id: 335243530
52.5355727,1.4784031
52.5352467,1.4785003
52.5353010,1.4789928
52.5356270,1.4788957
52.5355727,1.4784031
leisure_type: pitch
     
leisure id: 355342517
52.5344263,1.4775310
52.5344125,1.4789606
52.5349752,1.4789753
52.5349891,1.4775458
52.5344263,1.4775310
leisure_type: pitch
     
leisure id: 355342518
52.5338000,1.4779447
52.5336646,1.4783604
52.5335374,1.4782504
52.5336728,1.4778267
52.5338000,1.4779447
leisure_type: pitch
     
leisure id: 355342519
52.5319818,1.4775980
52.5314545,1.4787912
52.5309990,1.4782472
52.5315263,1.4770540
52.5319818,1.4775980
leisure_type: pitch
     
leisure id: 458258641
52.5372260,1.4757867
52.5369433,1.4758333
52.5367475,1.4758656
52.5367021,1.4762153
52.5366786,1.4763967
52.5369258,1.4764519
52.5370346,1.4765664
52.5371346,1.4763733
52.5372260,1.4759514
52.5372260,1.4757867
leisure_type: park
     
leisure id: 458258645
52.5369433,1.4758333
52.5369179,1.4762607
52.5367021,1.4762153
52.5367475,1.4758656
52.5369433,1.4758333
leisure_type: playground
     
leisure id: 459148740
52.5384957,1.4575342
52.5385222,1.4574835
52.5385528,1.4574249
52.5385930,1.4572787
52.5386988,1.4568945
52.5387930,1.4567121
52.5389121,1.4564868
52.5391372,1.4561931
52.5394235,1.4559638
52.5401079,1.4555655
52.5401193,1.4556459
52.5406087,1.4553442
52.5409953,1.4547031
52.5422123,1.4542793
52.5424251,1.4542177
52.5426225,1.4542284
52.5430220,1.4543180
52.5428598,1.4546656
52.5422188,1.4563768
52.5417229,1.4579111
52.5413640,1.4583349
52.5412043,1.4585847
52.5409021,1.4590574
52.5405628,1.4592720
52.5403149,1.4595509
52.5400693,1.4598111
52.5397961,1.4598218
52.5396044,1.4599358
52.5392987,1.4600086
52.5391656,1.4600203
52.5389551,1.4599935
52.5387545,1.4599237
52.5386957,1.4592317
52.5383205,1.4592156
52.5380774,1.4593015
52.5379942,1.4590896
52.5373009,1.4587060
52.5374102,1.4584888
52.5375896,1.4582876
52.5378719,1.4580408
52.5381674,1.4578192
52.5383552,1.4577180
52.5384304,1.4576563
52.5384957,1.4575342
leisure_type: nature_reserve
     
leisure id: 461614996
52.5318045,1.4761417
52.5315525,1.4767507
52.5313364,1.4765091
52.5315884,1.4759001
52.5318045,1.4761417
leisure_type: pitch
     
leisure id: 461614997
52.5323976,1.4770431
52.5321254,1.4776694
52.5315118,1.4769487
52.5317840,1.4763225
52.5323976,1.4770431
leisure_type: pitch
     
leisure id: 462182412
52.5327533,1.4739175
52.5325812,1.4739256
52.5325740,1.4735150
52.5327461,1.4735068
52.5327533,1.4739175
leisure_type: pitch
     
leisure id: 462182413
52.5332344,1.4723513
52.5332369,1.4729363
52.5326966,1.4729425
52.5326941,1.4723575
52.5332344,1.4723513
leisure_type: pitch
     
leisure id: 462964852
52.5335114,1.4783749
52.5336549,1.4785090
52.5336843,1.4786351
52.5336223,1.4789167
52.5333776,1.4788523
52.5335114,1.4783749
leisure_type: playground
     
leisure id: 622437258
52.5314836,1.4852994
52.5314821,1.4854422
52.5314485,1.4854892
52.5312013,1.4854355
52.5312219,1.4852121
52.5314836,1.4852994
leisure_type: playground
     
leisure id: 673342634
52.5465575,1.4617880
52.5462210,1.4617606
52.5462122,1.4620557
52.5463202,1.4620645
52.5465486,1.4620831
52.5465575,1.4617880
leisure_type: pitch
     
leisure id: 673342635
52.5465076,1.4623937
52.5464409,1.4623872
52.5464339,1.4625837
52.5465006,1.4625901
52.5465076,1.4623937
leisure_type: swimming_pool
