     
leisure id: 16877048
48.8650533,2.3602638
48.8643627,2.3616177
48.8643421,2.3616224
48.8643162,2.3616295
48.8640800,2.3613605
48.8638650,2.3611157
48.8638640,2.3610855
48.8638627,2.3610465
48.8643126,2.3603974
48.8646757,2.3598761
48.8648745,2.3600819
48.8650533,2.3602638
leisure_type: park
     
leisure id: 23981951
48.8674977,2.3534584
48.8673253,2.3533622
48.8672780,2.3533359
48.8671339,2.3532569
48.8670703,2.3532221
48.8670585,2.3532175
48.8670480,2.3532220
48.8670349,2.3532336
48.8670301,2.3532432
48.8669409,2.3536435
48.8669379,2.3536570
48.8669281,2.3537011
48.8668347,2.3541204
48.8668359,2.3541413
48.8668416,2.3541584
48.8668526,2.3541711
48.8669743,2.3542478
48.8670014,2.3542639
48.8670958,2.3543254
48.8671374,2.3543506
48.8672463,2.3544192
48.8672550,2.3544174
48.8672615,2.3544139
48.8672683,2.3544060
48.8672731,2.3543936
48.8675128,2.3535169
48.8675127,2.3534969
48.8675080,2.3534758
48.8674977,2.3534584
leisure_type: park
     
leisure id: 54938619
48.8646725,2.3460429
48.8646645,2.3460293
48.8647218,2.3457354
48.8647278,2.3457219
48.8647371,2.3457200
48.8647444,2.3457329
48.8647222,2.3460355
48.8647105,2.3460530
48.8646725,2.3460429
leisure_type: garden
     
leisure id: 54938642
48.8665745,2.3455618
48.8663832,2.3454886
48.8663941,2.3454125
48.8664071,2.3453219
48.8664088,2.3453142
48.8664242,2.3453190
48.8664320,2.3452620
48.8663831,2.3452477
48.8663813,2.3452471
48.8663886,2.3452043
48.8664200,2.3450072
48.8664254,2.3449738
48.8664591,2.3447656
48.8664741,2.3446747
48.8665381,2.3446752
48.8666213,2.3446760
48.8666160,2.3447763
48.8666103,2.3448840
48.8666007,2.3450659
48.8665890,2.3452875
48.8665777,2.3454999
48.8665745,2.3455618
leisure_type: sports_centre
     
leisure id: 55263339
48.8697738,2.3501403
48.8697743,2.3501118
48.8697774,2.3501026
48.8698055,2.3500728
48.8698090,2.3500612
48.8698140,2.3499894
48.8698159,2.3499414
48.8698179,2.3498866
48.8698201,2.3498306
48.8698277,2.3498018
48.8698345,2.3497867
48.8698445,2.3497732
48.8698604,2.3497655
48.8698835,2.3497667
48.8699406,2.3497697
48.8699356,2.3499684
48.8699354,2.3499744
48.8699197,2.3499538
48.8699159,2.3499622
48.8699106,2.3499567
48.8698964,2.3499574
48.8698950,2.3499846
48.8699129,2.3499873
48.8699115,2.3500072
48.8699035,2.3501577
48.8697738,2.3501403
leisure_type: park
     
leisure id: 236376818
48.8648545,2.3604364
48.8648738,2.3603742
48.8648763,2.3602811
48.8648620,2.3602266
48.8648354,2.3601777
48.8648023,2.3601495
48.8647766,2.3601411
48.8647302,2.3601468
48.8646665,2.3601976
48.8646235,2.3602342
48.8645919,2.3602990
48.8645575,2.3604238
48.8645186,2.3605844
48.8644900,2.3607046
48.8644883,2.3607485
48.8644953,2.3608191
48.8645046,2.3608903
48.8645236,2.3608282
48.8645464,2.3607443
48.8645698,2.3607004
48.8645909,2.3606885
48.8646180,2.3606817
48.8646476,2.3606798
48.8646722,2.3606908
48.8647050,2.3607229
48.8647174,2.3607012
48.8647487,2.3606484
48.8647893,2.3605754
48.8648373,2.3604875
48.8648545,2.3604364
leisure_type: park
     
leisure id: 442069218
48.8707929,2.3505529
48.8708074,2.3503919
48.8708102,2.3503612
48.8708172,2.3503619
48.8708221,2.3502759
48.8709826,2.3502993
48.8709960,2.3503016
48.8710717,2.3503052
48.8710684,2.3503177
48.8711731,2.3503637
48.8711746,2.3503548
48.8711850,2.3502920
48.8713545,2.3503675
48.8713156,2.3505688
48.8713091,2.3506025
48.8713039,2.3506286
48.8712873,2.3507121
48.8711454,2.3505994
48.8708432,2.3505573
48.8707929,2.3505529
leisure_type: park
     
leisure id: 457652441
48.8657913,2.3550050
48.8658170,2.3550136
48.8658157,2.3550451
48.8658314,2.3550716
48.8658309,2.3550807
48.8658275,2.3550822
48.8658276,2.3550899
48.8658310,2.3550909
48.8658345,2.3551010
48.8658376,2.3551016
48.8658426,2.3551086
48.8658384,2.3551236
48.8658367,2.3551360
48.8658336,2.3551366
48.8658342,2.3551449
48.8658374,2.3551445
48.8658387,2.3551547
48.8658413,2.3551631
48.8658500,2.3551676
48.8658539,2.3551773
48.8658492,2.3551963
48.8658490,2.3552115
48.8658503,2.3552167
48.8658464,2.3552181
48.8658478,2.3552247
48.8658520,2.3552223
48.8658577,2.3552333
48.8658644,2.3552402
48.8658718,2.3552437
48.8658607,2.3552784
48.8658499,2.3552690
48.8658462,2.3552783
48.8658510,2.3552834
48.8658463,2.3552956
48.8658446,2.3553083
48.8658399,2.3553091
48.8658401,2.3553175
48.8658450,2.3553179
48.8658464,2.3553277
48.8658489,2.3553361
48.8658531,2.3553439
48.8658497,2.3553475
48.8658533,2.3553540
48.8658597,2.3553478
48.8658605,2.3553566
48.8658628,2.3553663
48.8658664,2.3553719
48.8658636,2.3553765
48.8658666,2.3553810
48.8658701,2.3553785
48.8658734,2.3553837
48.8658783,2.3553868
48.8658827,2.3553867
48.8658827,2.3553934
48.8658870,2.3553933
48.8658875,2.3553879
48.8658942,2.3553863
48.8659001,2.3553825
48.8659058,2.3553763
48.8659059,2.3553896
48.8659104,2.3553895
48.8659108,2.3553848
48.8659183,2.3553851
48.8659244,2.3553838
48.8659299,2.3553793
48.8659326,2.3553848
48.8659364,2.3553804
48.8659343,2.3553747
48.8659391,2.3553672
48.8659432,2.3553559
48.8659443,2.3553450
48.8659504,2.3553451
48.8659516,2.3553365
48.8659416,2.3553305
48.8659463,2.3552973
48.8659543,2.3553039
48.8659619,2.3553077
48.8659713,2.3553067
48.8659717,2.3553120
48.8659770,2.3553108
48.8659766,2.3553044
48.8659847,2.3552948
48.8659852,2.3552803
48.8659919,2.3552721
48.8659982,2.3552797
48.8660087,2.3552847
48.8660202,2.3552836
48.8660209,2.3552889
48.8660250,2.3552881
48.8660252,2.3552820
48.8660359,2.3552703
48.8660400,2.3552438
48.8660589,2.3552472
48.8660605,2.3552530
48.8660649,2.3552522
48.8660651,2.3552412
48.8660629,2.3552367
48.8660723,2.3552036
48.8660792,2.3551992
48.8660844,2.3551816
48.8661251,2.3552085
48.8661216,2.3552212
48.8661172,2.3552190
48.8661117,2.3552239
48.8660295,2.3555599
48.8660371,2.3555653
48.8659993,2.3557412
48.8659887,2.3557844
48.8660685,2.3558300
48.8660415,2.3559200
48.8659669,2.3558705
48.8659054,2.3558297
48.8657833,2.3557488
48.8657567,2.3557200
48.8657377,2.3556909
48.8657329,2.3556835
48.8657070,2.3556228
48.8656952,2.3555626
48.8656914,2.3555051
48.8656919,2.3554996
48.8656940,2.3554776
48.8656979,2.3554377
48.8657706,2.3551010
48.8657913,2.3550050
leisure_type: park
     
leisure id: 514527971
48.8683292,2.3631985
48.8683039,2.3631663
48.8682867,2.3631976
48.8683119,2.3632298
48.8683292,2.3631985
leisure_type: garden
     
leisure id: 599974903
48.8643145,2.3608859
48.8643244,2.3608760
48.8643298,2.3608631
48.8643306,2.3608485
48.8643284,2.3608351
48.8643205,2.3608183
48.8642528,2.3607271
48.8642132,2.3607611
48.8641897,2.3607895
48.8641682,2.3608257
48.8641540,2.3608575
48.8641495,2.3608846
48.8641512,2.3609083
48.8641605,2.3609315
48.8641633,2.3609362
48.8643145,2.3608859
leisure_type: playground
     
leisure id: 599992941
48.8644929,2.3604560
48.8644967,2.3604747
48.8644964,2.3604942
48.8644921,2.3605126
48.8644842,2.3605279
48.8644727,2.3605392
48.8644594,2.3605441
48.8644459,2.3605419
48.8644336,2.3605329
48.8644240,2.3605181
48.8644182,2.3604994
48.8644168,2.3604787
48.8644201,2.3604586
48.8644276,2.3604413
48.8644378,2.3604294
48.8644499,2.3604230
48.8644628,2.3604227
48.8644750,2.3604286
48.8644854,2.3604401
48.8644929,2.3604560
leisure_type: playground
     
leisure id: 620956739
48.8670906,2.3650965
48.8673941,2.3645654
48.8671436,2.3641577
48.8667625,2.3647800
48.8670906,2.3650965
leisure_type: pitch
     
leisure id: 682676649
48.8708929,2.3503795
48.8708543,2.3503135
48.8708172,2.3503619
48.8708102,2.3503612
48.8708074,2.3503919
48.8708419,2.3504587
48.8708929,2.3503795
leisure_type: playground
     
leisure id: 682676650
48.8713174,2.3504144
48.8712045,2.3503671
48.8711879,2.3504674
48.8712140,2.3505042
48.8712365,2.3505475
48.8712420,2.3505703
48.8712839,2.3505740
48.8712855,2.3505666
48.8712960,2.3505200
48.8713174,2.3504144
leisure_type: playground
