     
nature id: 13862349
48.8731699,2.3638298
48.8731998,2.3638655
48.8732020,2.3639254
48.8729861,2.3640922
48.8729822,2.3641127
48.8729932,2.3642504
48.8709981,2.3657858
48.8709451,2.3656842
48.8708662,2.3657412
48.8708410,2.3659055
48.8699063,2.3666470
48.8698436,2.3665483
48.8697446,2.3666247
48.8697447,2.3665520
48.8697046,2.3665091
48.8698067,2.3664292
48.8698004,2.3663864
48.8697879,2.3663017
48.8707274,2.3655719
48.8708397,2.3656386
48.8709795,2.3655347
48.8709413,2.3654219
48.8709369,2.3654091
48.8709977,2.3653619
48.8710595,2.3653138
48.8728770,2.3639018
48.8729921,2.3639641
48.8730035,2.3639401
48.8730758,2.3639024
48.8731699,2.3638298
nature_type: water
     
nature id: 30612728
48.8673328,2.3538054
48.8672809,2.3540097
48.8672763,2.3540072
48.8672677,2.3540206
48.8672567,2.3540242
48.8672454,2.3540206
48.8672378,2.3540122
48.8672318,2.3539974
48.8672312,2.3539817
48.8672270,2.3539790
48.8672776,2.3537723
48.8672822,2.3537745
48.8672889,2.3537636
48.8672979,2.3537583
48.8673070,2.3537577
48.8673173,2.3537629
48.8673247,2.3537743
48.8673284,2.3537870
48.8673281,2.3538021
48.8673328,2.3538054
nature_type: water
     
nature id: 30612729
48.8670993,2.3536645
48.8670474,2.3538687
48.8670428,2.3538663
48.8670342,2.3538797
48.8670232,2.3538832
48.8670119,2.3538797
48.8670043,2.3538713
48.8669983,2.3538565
48.8669977,2.3538408
48.8669934,2.3538381
48.8670441,2.3536314
48.8670487,2.3536336
48.8670554,2.3536227
48.8670644,2.3536174
48.8670735,2.3536168
48.8670838,2.3536220
48.8670912,2.3536334
48.8670949,2.3536461
48.8670946,2.3536612
48.8670993,2.3536645
nature_type: water
     
nature id: 112563033
48.8643473,2.3610237
48.8643082,2.3610357
48.8642729,2.3610586
48.8642451,2.3610794
48.8642240,2.3611118
48.8642013,2.3611513
48.8641908,2.3611995
48.8641872,2.3612505
48.8641999,2.3612792
48.8642224,2.3612918
48.8642523,2.3612933
48.8642849,2.3612863
48.8643131,2.3612748
48.8643390,2.3612575
48.8643590,2.3612395
48.8643747,2.3612219
48.8643952,2.3611769
48.8644065,2.3611311
48.8644069,2.3611054
48.8644040,2.3610855
48.8643942,2.3610519
48.8643723,2.3610304
48.8643473,2.3610237
nature_type: water
     
nature id: 313420244
48.8679725,2.3631292
48.8679795,2.3631388
48.8678422,2.3633690
48.8677631,2.3632610
48.8679026,2.3630270
48.8679166,2.3630459
48.8679116,2.3630543
48.8679697,2.3631339
48.8679725,2.3631292
nature_type: water
     
nature id: 556114194
48.8679827,2.3473116
48.8679738,2.3472823
48.8679127,2.3473262
48.8679224,2.3473580
48.8679799,2.3473850
48.8680556,2.3474205
48.8680266,2.3473321
48.8680178,2.3473089
48.8680097,2.3473085
48.8680039,2.3473020
48.8680027,2.3472976
48.8679827,2.3473116
nature_type: scrub
     
nature id: 556114195
48.8679705,2.3474988
48.8680605,2.3475391
48.8679926,2.3475914
48.8679705,2.3474988
nature_type: scrub
     
nature id: 627175847
48.8671107,2.3478999
48.8671278,2.3478244
48.8671763,2.3478499
48.8671605,2.3479241
48.8671773,2.3479322
48.8672242,2.3477241
48.8672260,2.3477104
48.8672273,2.3476966
48.8672271,2.3476852
48.8672262,2.3476745
48.8672242,2.3476658
48.8672213,2.3476574
48.8672176,2.3476497
48.8672132,2.3476437
48.8672088,2.3476386
48.8672037,2.3476360
48.8671980,2.3476340
48.8671918,2.3476329
48.8671865,2.3476329
48.8671819,2.3476346
48.8671768,2.3476370
48.8671706,2.3476420
48.8671486,2.3476693
48.8671452,2.3476747
48.8671426,2.3476809
48.8671404,2.3476886
48.8671391,2.3476960
48.8671000,2.3478844
48.8670984,2.3478942
48.8671107,2.3478999
nature_type: scrub
     
nature id: 627175849
48.8671645,2.3479851
48.8670984,2.3479526
48.8671007,2.3479665
48.8671033,2.3479783
48.8671071,2.3479870
48.8671113,2.3479934
48.8671171,2.3479991
48.8671233,2.3480034
48.8671277,2.3480054
48.8671335,2.3480068
48.8671380,2.3480069
48.8671433,2.3480059
48.8671487,2.3480046
48.8671523,2.3480028
48.8671564,2.3479987
48.8671597,2.3479945
48.8671627,2.3479893
48.8671645,2.3479851
nature_type: scrub
     
nature id: 627175851
48.8667332,2.3499758
48.8667020,2.3499615
48.8666599,2.3501793
48.8666861,2.3501929
48.8667332,2.3499758
nature_type: scrub
     
nature id: 627175852
48.8667651,2.3496357
48.8667435,2.3497469
48.8667792,2.3497634
48.8668031,2.3496533
48.8667651,2.3496357
nature_type: scrub
     
nature id: 627175853
48.8671031,2.3480842
48.8668734,2.3492219
48.8668946,2.3492321
48.8671385,2.3481003
48.8671031,2.3480842
nature_type: scrub
     
nature id: 682676647
48.8712045,2.3503671
48.8711746,2.3503548
48.8711850,2.3502920
48.8712082,2.3503023
48.8712410,2.3503164
48.8712819,2.3503346
48.8713545,2.3503675
48.8713156,2.3505688
48.8712855,2.3505666
48.8712960,2.3505200
48.8713174,2.3504144
48.8712045,2.3503671
nature_type: scrub
     
nature id: 682676648
48.8708929,2.3503795
48.8709456,2.3503386
48.8709822,2.3503135
48.8709826,2.3502993
48.8708221,2.3502759
48.8708172,2.3503619
48.8708543,2.3503135
48.8708929,2.3503795
nature_type: scrub
     
nature id: 684133314
48.8674073,2.3537856
48.8674719,2.3535526
48.8673049,2.3534580
48.8673253,2.3533622
48.8674977,2.3534584
48.8675080,2.3534758
48.8675127,2.3534969
48.8675128,2.3535169
48.8672731,2.3543936
48.8672683,2.3544060
48.8672615,2.3544139
48.8672550,2.3544174
48.8672463,2.3544192
48.8671374,2.3543506
48.8671505,2.3543066
48.8672405,2.3543666
48.8672480,2.3543653
48.8672553,2.3543576
48.8673605,2.3539633
48.8673788,2.3539744
48.8674267,2.3537973
48.8674073,2.3537856
nature_type: scrub
